0.000000000000000000e+00 0.000000000000000000e+00 0.000000000000000000e+00 0.000000000000000000e+00 0.000000000000000000e+00 0.000000000000000000e+00 0.000000000000000000e+00 0.000000000000000000e+00 0.000000000000000000e+00 0.000000000000000000e+00 0.000000000000000000e+00 0.000000000000000000e+00
9.999990986114055680e-01 -6.230670261977518023e-04 -1.189354386731236333e-03 -8.575337007641792297e-03 6.242643998685708977e-04 9.999992984877734692e-01 1.006636935553270476e-03 -1.845874637365341187e-02 1.188726350102696375e-03 -1.007378499784681919e-03 9.999987860583745558e-01 1.019941568374633789e+00
9.999977464635840807e-01 -1.486753582870096535e-03 -1.515464132592722396e-03 -1.730890478938817978e-02 1.490225972211032352e-03 9.999962612409569740e-01 2.292756127390459253e-03 -3.680172748863697052e-02 1.512049703250446927e-03 -2.295009344591377332e-03 9.999962233117698496e-01 2.023342132568359375e+00
9.999960523697939418e-01 -2.533438865385145757e-03 -1.215291053033866649e-03 -2.661539893597364426e-02 2.537816034551206978e-03 9.999902498225842207e-01 3.613827547130969882e-03 -5.574631504714488983e-02 1.206123792569786628e-03 -3.616897466197221446e-03 9.999927316326434612e-01 3.041520953178405762e+00
9.999930611765578403e-01 -3.467370636594863630e-03 -1.361961675525197703e-03 -3.811224922537803650e-02 3.474150957920768383e-03 9.999814252407822623e-01 5.007938551471460484e-03 -7.511662505567073822e-02 1.344571998331767649e-03 -5.012635462729720520e-03 9.999865327152456240e-01 4.108054876327514648e+00
9.999903521567274911e-01 -3.844661259160294005e-03 -2.124658388199391658e-03 -5.212502274662256241e-02 3.858065197030367648e-03 9.999724526473472430e-01 6.341078724035192037e-03 -9.445456974208354950e-02 2.100220559773921525e-03 -6.349214616884574398e-03 9.999776380236454765e-01 5.191763281822204590e+00
9.999850038393970353e-01 -4.305977094358951970e-03 -3.383882028673350535e-03 -6.864674482494592667e-02 4.332941755728810136e-03 9.999585956028128608e-01 8.002043226050303826e-03 -1.138333491981029510e-01 3.349285306238358479e-03 -8.016585389863432887e-03 9.999622576110682726e-01 6.285783886909484863e+00
9.999788287988172764e-01 -4.769548724897263933e-03 -4.426438648202507715e-03 -8.763120230287313461e-02 4.812390303421902778e-03 9.999411900432082501e-01 9.718917354305136105e-03 -1.331523656845092773e-01 4.379823479662258399e-03 -9.740013343579852559e-03 9.999429730171384145e-01 7.376464009284973145e+00
9.999747553906216391e-01 -5.358404371220724938e-03 -4.666485193478155102e-03 -1.101811910048127174e-01 5.415010835633459613e-03 9.999108724277983029e-01 1.220347730482051508e-02 -1.524045486003160477e-01 4.600678114847901561e-03 -1.222843830068990473e-02 9.999146458861425391e-01 8.462193846702575684e+00
9.999717449550366011e-01 -5.961516014165298312e-03 -4.579259589939450176e-03 -1.360244126990437508e-01 6.029660259163824136e-03 9.998690988594075568e-01 1.501427131882964935e-02 -1.718096919357776642e-01 4.489152340727832827e-03 -1.504145846948429753e-02 9.998767934292568382e-01 9.551638245582580566e+00
9.999694692320533207e-01 -6.367973086152973507e-03 -4.528744035563895057e-03 -1.668205177411437035e-01 6.449252157330931205e-03 9.998141998706623346e-01 1.816515575486618225e-02 -1.917242817580699921e-01 4.412227371383585679e-03 -1.819380817095247321e-02 9.998247434394998967e-01 1.066574990749359131e+01
9.999646916638963434e-01 -6.779214312681290135e-03 -4.965649890130251556e-03 -2.013358650729060173e-01 6.882485007535221397e-03 9.997540201542286509e-01 2.108389398520317190e-02 -2.122243493795394897e-01 4.821496204464578716e-03 -2.111732555890945967e-02 9.997653783441339259e-01 1.179933834075927734e+01
9.999571742606685465e-01 -7.223376774143676349e-03 -5.785539957325824649e-03 -2.387896357104182243e-01 7.358345945348532605e-03 9.996930419904105358e-01 2.365748382452784529e-02 -2.326811384409666061e-01 5.612877120303349371e-03 -2.369904267977897619e-02 9.997033815019805703e-01 1.294483852386474609e+01
9.999372912110214839e-01 -7.693617740770129949e-03 -8.137683431027407932e-03 -2.795092267915606499e-01 7.901983710080136628e-03 9.996335497502200074e-01 2.589063280841302425e-02 -2.530453316867351532e-01 7.935508743006905105e-03 -2.595331308009348956e-02 9.996316587829521261e-01 1.413153016567230225e+01
9.999128325058953548e-01 -8.277644555276839067e-03 -1.028630111623677137e-02 -3.235780848190188408e-01 8.565001103253691225e-03 9.995652354215797120e-01 2.821313333720850899e-02 -2.742071561515331268e-01 1.004829070731242530e-02 -2.829877624948363285e-02 9.995490038595621352e-01 1.536485219001770020e+01
9.999011548491190116e-01 -8.956007996887133810e-03 -1.083837866832220408e-02 -3.701037568971514702e-01 9.284250463280642116e-03 9.994878641411975018e-01 3.062371838628106038e-02 -2.958175726234912872e-01 1.055856167919292342e-02 -3.072131760238920942e-02 9.994722194338568899e-01 1.659933984279632568e+01
9.998944512838249254e-01 -9.668959255202653688e-03 -1.084423896545875024e-02 -4.212676091119647026e-01 1.002529867403886658e-02 9.993950659434673867e-01 3.330158486242087990e-02 -3.186190687119960785e-01 1.051568724882294414e-02 -3.340678665741342313e-02 9.993865152817057451e-01 1.788116645812988281e+01
9.998904741837596477e-01 -1.014295548455718468e-02 -1.077775907202015507e-02 -4.782078480347990990e-01 1.053064655300322769e-02 9.992765130822998110e-01 3.654525804062638134e-02 -3.421144839376211166e-01 1.039928457885169570e-02 -3.665475216283064358e-02 9.992738783857655349e-01 1.920477414131164551e+01
9.998697487640723081e-01 -1.036989124288601773e-02 -1.236733043472684410e-02 -5.397268636152148247e-01 1.084661334907328738e-02 9.991754920751702018e-01 3.912399538898487378e-02 -3.659390378743410110e-01 1.195142189560347533e-02 -3.925304309161673638e-02 9.991578264332021675e-01 2.057965052127838135e+01
9.998350921424550286e-01 -1.060866388122685966e-02 -1.473922559511158491e-02 -6.042831344529986382e-01 1.120781314577342855e-02 9.990888654831653337e-01 4.118038115475525923e-02 -3.902217578142881393e-01 1.428892735574885907e-02 -4.133878467270955120e-02 9.990430078013685655e-01 2.198644518852233887e+01
9.997978801431490758e-01 -1.136741993478335849e-02 -1.658253977204281887e-02 -6.695568142458796501e-01 1.206234511889574604e-02 9.990267430769935730e-01 4.242718995181084252e-02 -4.153356980532407761e-01 1.608411301557359854e-02 -4.261863889192939181e-02 9.989619376770575432e-01 2.342404747009277344e+01
9.997873564205616015e-01 -1.307358365461784057e-02 -1.594751867879344240e-02 -7.350472388789057732e-01 1.376528523607216392e-02 9.989338688526131493e-01 4.406407359198379753e-02 -4.413926228880882263e-01 1.535444118013841452e-02 -4.427422579307174755e-02 9.989014135871816524e-01 2.482627356052398682e+01
9.997817043855613539e-01 -1.462974254629373014e-02 -1.491691016702634265e-02 -8.044389961287379265e-01 1.529660803548580153e-02 9.988418661845294144e-01 4.561732280192986461e-02 -4.686443191021680832e-01 1.423226470069616396e-02 -4.583554286834532615e-02 9.988476088230142658e-01 2.625168216228485107e+01
9.997883706700700923e-01 -1.582499506359674388e-02 -1.314471011942362245e-02 -8.763058884069323540e-01 1.643676114301238084e-02 9.987209070762748109e-01 4.781613380304176875e-02 -4.960494730621576309e-01 1.237120673233203100e-02 -4.802207096721228946e-02 9.987696601038729138e-01 2.766312897205352783e+01
9.997803205945391403e-01 -1.659084937541511345e-02 -1.280836714350083207e-02 -9.512463314458727837e-01 1.720676293909621096e-02 9.986220991961641813e-01 4.957650962102827519e-02 -5.231349579989910126e-01 1.196820208043668232e-02 -4.978600921994504047e-02 9.986881972992939227e-01 2.907979619503021240e+01
9.997722917122058295e-01 -1.748754596754835758e-02 -1.222908257217337688e-02 -1.028369131498038769e+00 1.809581476463909336e-02 9.985071037227868374e-01 5.153741653532509931e-02 -5.493896398693323135e-01 1.130956287961746437e-02 -5.174697625141603391e-02 9.985961867723646135e-01 3.047345733642578125e+01
9.997603262707649430e-01 -1.796325308091744136e-02 -1.251445379249720505e-02 -1.108216064982116222e+00 1.860453235551363937e-02 9.984123824092709931e-01 5.316564706345803387e-02 -5.751080941408872604e-01 1.153955765210623943e-02 -5.338573021505323840e-02 9.985072871134188510e-01 3.187297236919403076e+01
9.997446865616524958e-01 -1.831394065441526581e-02 -1.323485056393810394e-02 -1.189735996536910534e+00 1.900868497536955734e-02 9.983367241045698615e-01 5.442844109161211474e-02 -6.002549771219491959e-01 1.221603811595136507e-02 -5.466612188423910362e-02 9.984299592514674915e-01 3.326158130168914795e+01
9.997249541527388761e-01 -1.849867865039004841e-02 -1.441578761267845940e-02 -1.272978129796683788e+00 1.927041286027373485e-02 9.982797171090588284e-01 5.537379882988079788e-02 -6.254611890763044357e-01 1.336664626968361684e-02 -5.563636667546789649e-02 9.983616215934254523e-01 3.464888954162597656e+01
9.997034902096548770e-01 -1.892760660533626335e-02 -1.531918309924914894e-02 -1.356297771446406841e+00 1.976333241308397826e-02 9.982138389381650656e-01 5.637856369455505889e-02 -6.499793007969856262e-01 1.422470929631371866e-02 -5.666460500634137865e-02 9.982919313431871666e-01 3.600484299659729004e+01
9.996855160575194299e-01 -1.939739312562958201e-02 -1.589371337167421946e-02 -1.439799378626048565e+00 2.028047055685253466e-02 9.981437811384837877e-01 5.742555779932057014e-02 -6.741309240460395813e-01 1.475030504104220437e-02 -5.772983036957798214e-02 9.982232692071928426e-01 3.733005607128143311e+01
9.996673427015788649e-01 -1.974931147653004315e-02 -1.658820762370705540e-02 -1.524080674163997173e+00 2.068583673058341232e-02 9.980833459386535544e-01 5.832435785036711035e-02 -6.978671364486217499e-01 1.540454785833911787e-02 -5.864809678160946838e-02 9.981598572619392318e-01 3.864257609844207764e+01
9.996499807428224083e-01 -2.024084370364630583e-02 -1.703596921338434295e-02 -1.608049276284873486e+00 2.121959929262605404e-02 9.980098394594842937e-01 5.938088032283529022e-02 -7.213394846767187119e-01 1.580014578208698700e-02 -5.972159231148366915e-02 9.980900193895568817e-01 3.993560349941253662e+01
9.996287151979834640e-01 -2.123644865577735408e-02 -1.707176031109597369e-02 -1.692036266438663006e+00 2.223761505959177473e-02 9.979041688145026123e-01 6.076807006231271790e-02 -7.445497643202543259e-01 1.574548278365565240e-02 -6.112514303563846424e-02 9.980059101331927307e-01 4.120207488536834717e+01
9.996038423829816111e-01 -2.260123770586739550e-02 -1.677326287107630542e-02 -1.777991692535579205e+00 2.360986930585776827e-02 9.977597543113314593e-01 6.259430283941049000e-02 -7.675540950149297714e-01 1.532097792373790512e-02 -6.296552017377760047e-02 9.978980964530927977e-01 4.245534288883209229e+01
9.995760595359491907e-01 -2.374799553092574525e-02 -1.684440295313894762e-02 -1.869028205983340740e+00 2.478662949060501941e-02 9.976164815409011011e-01 6.439703996651274798e-02 -7.910759188234806061e-01 1.527495339043804731e-02 -6.478725543049575208e-02 9.977821843131414736e-01 4.374357104301452637e+01
9.995427807262250441e-01 -2.462892766874070702e-02 -1.753982382960694170e-02 -1.964135545305907726e+00 2.573798209225001618e-02 9.974812319643723280e-01 6.609650638768406472e-02 -8.150025662034749985e-01 1.586775900701565753e-02 -6.651772546266206121e-02 9.976590632191787433e-01 4.505158722400665283e+01
9.995013718314746942e-01 -2.591066803086902737e-02 -1.804563629231006189e-02 -2.062845083884894848e+00 2.707989093576368064e-02 9.973256262905468850e-01 6.788427395999538372e-02 -8.395980224013328552e-01 1.623844862994554619e-02 -6.833909881146126020e-02 9.975299897044348496e-01 4.638245499134063721e+01
9.994475541032759036e-01 -2.726298827814343032e-02 -1.900831573614762335e-02 -2.163969288580119610e+00 2.852034068787454024e-02 9.971841108958346966e-01 6.935732941752587033e-02 -8.642020858824253082e-01 1.706390236806433133e-02 -6.986113688617905104e-02 9.974107703393541025e-01 4.772527909278869629e+01
9.993990568081658754e-01 -2.830250910686268190e-02 -2.001232693127823203e-02 -2.263466286472976208e+00 2.964411495636542007e-02 9.970875991553342921e-01 7.026767435389508210e-02 -8.883508238941431046e-01 1.796529152010067909e-02 -7.081869519348128750e-02 9.973274089844771373e-01 4.904483544826507568e+01
9.993458803073287378e-01 -2.942588869645140770e-02 -2.102209759263737321e-02 -2.364277469925582409e+00 3.084827237194973787e-02 9.970069422797264158e-01 7.089105118205345224e-02 -9.128669481724500656e-01 1.887314505948383889e-02 -7.149317534180847644e-02 9.972625182343459738e-01 5.038017511367797852e+01
9.992911200759733159e-01 -3.072854247262572433e-02 -2.174888536947918241e-02 -2.465610901825129986e+00 3.221298835898491614e-02 9.969158877288150089e-01 7.156141540559904368e-02 -9.373346511274576187e-01 1.948283137253441211e-02 -7.221128354611101863e-02 9.971990522510200128e-01 5.171367704868316650e+01
9.992376584173543463e-01 -3.251721810402404683e-02 -2.160399332017111373e-02 -2.568196783773601055e+00 3.400285921728486704e-02 9.967967238997254009e-01 7.238851281677212424e-02 -9.623757544904947281e-01 1.918091670520920278e-02 -7.306792558674296556e-02 9.971425026969805705e-01 5.304990732669830322e+01
9.991783872935440236e-01 -3.413166100903058248e-02 -2.185360570334203209e-02 -2.670953067950904369e+00 3.564364017080631081e-02 9.966940746252058725e-01 7.300994810557412396e-02 -9.873625244945287704e-01 1.928940851469023582e-02 -7.372890426263749297e-02 9.970917547524822400e-01 5.438062226772308350e+01
9.991216974682175511e-01 -3.553952649757553817e-02 -2.219855185717261106e-02 -2.773725840263068676e+00 3.708520905579372473e-02 9.965973230590942089e-01 7.361020948710372824e-02 -1.011905835941433907e+00 1.950694536608769958e-02 -7.436879539010529672e-02 9.970399998769904348e-01 5.570083713531494141e+01
9.990656451636299451e-01 -3.704016197962065743e-02 -2.226798271742292182e-02 -2.874978269450366497e+00 3.859478074498110672e-02 9.965113068176961741e-01 7.399769107029194326e-02 -1.036086738109588623e+00 1.944941009457144473e-02 -7.478797888037215513e-02 9.970097685890355610e-01 5.700109159946441650e+01
9.990077432544972602e-01 -3.878738912935754402e-02 -2.188760750023525936e-02 -2.976423966698348522e+00 4.031416999293226805e-02 9.964232448356422633e-01 7.426631032298947055e-02 -1.060017552226781845e+00 1.892872460937394460e-02 -7.507499980511095350e-02 9.969982185485213311e-01 5.830303692817687988e+01
9.989375288531061603e-01 -4.097826710539054229e-02 -2.108542325609835677e-02 -3.078987578861415386e+00 4.244872250363274091e-02 9.962946546025834849e-01 7.480018160491452850e-02 -1.084453184157609940e+00 1.794211265874588734e-02 -7.561575785084666268e-02 9.969755953673002935e-01 5.961449491977691650e+01
9.988617537576938155e-01 -4.304497264235648823e-02 -2.055060121560945210e-02 -3.183096538297832012e+00 4.448111899312472139e-02 9.961552455001561057e-01 7.547288861335130217e-02 -1.109120681881904602e+00 1.722286077350991540e-02 -7.630109561954294406e-02 9.969360640853723865e-01 6.093173730373382568e+01
9.987864919192396274e-01 -4.470584223154798476e-02 -2.066231424663759336e-02 -3.288461769931018353e+00 4.615464929800776328e-02 9.960410607512686365e-01 7.597337458389982756e-02 -1.133557921275496483e+00 1.718405970185083592e-02 -7.683484214765839981e-02 9.968957393450468274e-01 6.225656402111053467e+01
9.987126728290999234e-01 -4.595731794478587900e-02 -2.146909541356866943e-02 -3.394370983354747295e+00 4.746529798338267048e-02 9.959770420233622357e-01 7.600511331313362928e-02 -1.157866029068827629e+00 1.788973498696229750e-02 -7.692630687687700142e-02 9.968762715063392843e-01 6.358891212940216064e+01
9.986405962991127261e-01 -4.715850645520901219e-02 -2.220438452798626297e-02 -3.499574023298919201e+00 4.872184158489265005e-02 9.959080145514801474e-01 7.611444478353236731e-02 -1.181498574092984200e+00 1.852408097394554407e-02 -7.709281303106524375e-02 9.968518227916463026e-01 6.491070365905761719e+01
9.985718770029144986e-01 -4.838307691845047942e-02 -2.265577910334231476e-02 -3.605088691227138042e+00 4.998302175376078543e-02 9.958247566320600486e-01 7.638554585169490818e-02 -1.205105829983949661e+00 1.886541797149519223e-02 -7.740886219678994040e-02 9.968209287821755415e-01 6.621929919719696045e+01
9.985094002221431841e-01 -4.963524448707230807e-02 -2.270066458772740381e-02 -3.709940443746745586e+00 5.123747822971750493e-02 9.957518139248077160e-01 7.650520171932291558e-02 -1.228621361777186394e+00 1.880687354865683350e-02 -7.755428789024899905e-02 9.968107312510039453e-01 6.751424741744995117e+01
9.984463192452028846e-01 -5.100540567304449879e-02 -2.243649210180721429e-02 -3.812221060506999493e+00 5.258279082524380810e-02 9.956840108907866194e-01 7.647483615846829841e-02 -1.251824924722313881e+00 1.843902640420457678e-02 -7.753579204834419591e-02 9.968190423826688296e-01 6.877984046936035156e+01
9.983720323043275835e-01 -5.257033836500994012e-02 -2.212791532691473981e-02 -3.912936124019324780e+00 5.412660893598886247e-02 9.955707480907656226e-01 7.687129341362677892e-02 -1.274656107649207115e+00 1.798875531039530531e-02 -7.794385845069341789e-02 9.967954452204328408e-01 7.001311457157135010e+01
9.982988955087793714e-01 -5.409545312113323706e-02 -2.174849828310999530e-02 -4.015335309319198132e+00 5.563131775073729829e-02 9.954281725746695342e-01 7.763961443728600864e-02 -1.297454398125410080e+00 1.744911777906445194e-02 -7.871743895905916610e-02 9.967442465810671948e-01 7.124634754657745361e+01
9.982104584612094822e-01 -5.598001995219607091e-02 -2.102660183705349836e-02 -4.119462530128657818e+00 5.746814597867012236e-02 9.952551574369628007e-01 7.851486351577453837e-02 -1.320707248523831367e+00 1.653157029554400137e-02 -7.958271772990774262e-02 9.966911749495354078e-01 7.248303055763244629e+01
9.981118931324605148e-01 -5.815354840563672495e-02 -1.976900592768428624e-02 -4.223793010227382183e+00 5.954944532279569241e-02 9.950576463806081184e-01 7.946158783482766552e-02 -1.344246406108140945e+00 1.505032721514441146e-02 -8.048878920270780002e-02 9.966418827559873073e-01 7.370794594287872314e+01
9.980092372328317474e-01 -6.004957792569561720e-02 -1.927720386589400897e-02 -4.332430968992412090e+00 6.141175770483955215e-02 9.948794228023134512e-01 8.027160207780650869e-02 -1.368143398314714432e+00 1.435821763115148475e-02 -8.129564733416813627e-02 9.965866040194274467e-01 7.496602261066436768e+01
9.979073072021772406e-01 -6.179748463927631219e-02 -1.902832427613874305e-02 -4.443165342323482037e+00 6.314615065805101457e-02 9.947000104944558885e-01 8.114464110093881632e-02 -1.392213493585586548e+00 1.391293964517225853e-02 -8.217639572643628543e-02 9.965206822218202198e-01 7.623290395736694336e+01
9.977806328308344019e-01 -6.405243317328808417e-02 -1.819600374480515384e-02 -4.555229532532393932e+00 6.534500925402345062e-02 9.944329365765761652e-01 8.266295674169174545e-02 -1.415932837873697281e+00 1.279994192530135334e-02 -8.366851532248362200e-02 9.964114316036525310e-01 7.748430168628692627e+01
9.976594620079560771e-01 -6.608451002494487858e-02 -1.756232902432106058e-02 -4.669622401706874371e+00 6.733422974212850687e-02 9.941813985554930344e-01 8.408001112796126275e-02 -1.439657621085643768e+00 1.190375449300800498e-02 -8.506576456487528748e-02 9.963042288016062953e-01 7.874288403987884521e+01
9.975245765629175976e-01 -6.815446014687444320e-02 -1.731151972127513775e-02 -4.785483608953654766e+00 6.939383691388474606e-02 9.939040691984143416e-01 8.566911128990928326e-02 -1.463205143809318542e+00 1.136725786375768384e-02 -8.665835674025788860e-02 9.961732352636950560e-01 7.999425566196441650e+01
9.973773697681006523e-01 -7.031050597509326539e-02 -1.717017833313795941e-02 -4.905038896016776562e+00 7.154825539962686443e-02 9.936055405236753346e-01 8.734344274142673281e-02 -1.486886436119675636e+00 1.091922267082913629e-02 -8.834286949257139088e-02 9.960302746332981849e-01 8.125583600997924805e+01
9.972173485853890185e-01 -7.262746602624169101e-02 -1.681698126697846532e-02 -5.026165488176047802e+00 7.383962442539185322e-02 9.933147267806071712e-01 8.873310219689636846e-02 -1.510765776038169861e+00 1.026009478727517993e-02 -8.972794848526788325e-02 9.959134629653226822e-01 8.252392768859863281e+01
9.970451671187505749e-01 -7.513459310794612378e-02 -1.599148659900339123e-02 -5.151188912801444530e+00 7.627557404324268597e-02 9.930061807484560354e-01 9.011526951487447423e-02 -1.535378189757466316e+00 9.108870924353480725e-03 -9.106875377355307111e-02 9.958029476541105929e-01 8.381748270988464355e+01
9.968685643400725382e-01 -7.768979604457806887e-02 -1.474316862531707510e-02 -5.277823227457702160e+00 7.871777942312903342e-02 9.926830495466696380e-01 9.156349897975574192e-02 -1.560319932177662849e+00 7.521744030095380527e-03 -9.243732326974850311e-02 9.956900946747786474e-01 8.510935258865356445e+01
9.966743149688552794e-01 -8.034527026856230769e-02 -1.359953774341538316e-02 -5.406103807501494884e+00 8.126570154656545530e-02 9.923360602465585156e-01 9.308613906744223065e-02 -1.585270242765545845e+00 6.016280703844569151e-03 -9.388173986356623812e-02 9.955651778194545276e-01 8.639958953857421875e+01
9.965086964601598263e-01 -8.253486185172023704e-02 -1.258628056220380265e-02 -5.536588805727660656e+00 8.335589270534390915e-02 9.920592821258074068e-01 9.418161125890166241e-02 -1.610165352001786232e+00 4.713070184948041016e-03 -9.490193531822802009e-02 9.954754691313526527e-01 8.770372772216796875e+01
9.963194144047440304e-01 -8.494646231244448731e-02 -1.147706499016199096e-02 -5.669850039295852184e+00 8.565500536680382970e-02 9.917633387322678518e-01 9.522972226273475338e-02 -1.635418502613902092e+00 3.293104280274327007e-03 -9.586228918206178562e-02 9.953891585590903812e-01 8.902804744243621826e+01
9.961214854195641344e-01 -8.739158940696151179e-02 -1.023212521648573722e-02 -5.804373177699744701e+00 8.797209348622937741e-02 9.914275890459187668e-01 9.660355296906539269e-02 -1.660635193809866905e+00 1.702073197870183473e-03 -9.712901615646046816e-02 9.952703437595772362e-01 9.035454988479614258e+01
9.959579752419268628e-01 -8.930184589428295794e-02 -9.638042948399216242e-03 -5.940804648213088512e+00 8.981674348208533443e-02 9.911404458751204016e-01 9.784461733146576634e-02 -1.685777509585022926e+00 8.149492467203160858e-04 -9.831478459693347716e-02 9.951550326393289181e-01 9.168729424476623535e+01
9.958263821122711468e-01 -9.075853418944761219e-02 -9.628351934141252469e-03 -6.075449245981872082e+00 9.126581355938472029e-02 9.909487357437619659e-01 9.844366106145911732e-02 -1.710315290838479996e+00 6.066007982524499256e-04 -9.891153420922497996e-02 9.950960458346966853e-01 9.300566565990447998e+01
9.957195911215918072e-01 -9.189023748988506268e-02 -9.933786322568518776e-03 -6.211134034208953381e+00 9.242249602558257060e-02 9.908024261535509636e-01 9.883640299322089817e-02 -1.734708257019519806e+00 7.603190455987936984e-04 -9.933144810325537921e-02 9.950541117610937070e-01 9.432920897006988525e+01
9.955694090285968079e-01 -9.364503163076184911e-02 -8.494695834708420462e-03 -6.345941814593970776e+00 9.402486661907835663e-02 9.905499419806290673e-01 9.985057285482598632e-02 -1.759460881352424622e+00 -9.360895871263534779e-04 -1.002068884510740610e-01 9.949661819595874146e-01 9.564207720756530762e+01
9.953966194794585665e-01 -9.566344682978707159e-02 -5.837368372005706518e-03 -6.481181952171027660e+00 9.576014091276575935e-02 9.901992681425849652e-01 1.016631928588527245e-01 -1.784078836441040039e+00 -3.945293554760523000e-03 -1.017541857150532220e-01 9.948017492687842855e-01 9.693917870521545410e+01
9.952316733613373323e-01 -9.745559475835133267e-02 -4.040221366286162949e-03 -6.616587820462882519e+00 9.734947054698184221e-02 9.898591938341327889e-01 1.034497799237053817e-01 -1.808469757437705994e+00 -6.082509565541799855e-03 -1.033498109932319275e-01 9.946264724232150023e-01 9.821620392799377441e+01
9.951113801111961532e-01 -9.868328922560910821e-02 -3.866471363555824131e-03 -6.756680282764136791e+00 9.854354649541828548e-02 9.895944160764531539e-01 1.048430308337618272e-01 -1.832566753029823303e+00 -6.520016663763218874e-03 -1.047115089086131795e-01 9.944812664322970619e-01 9.951602888107299805e+01
9.950021265300291740e-01 -9.974110803361413424e-02 -4.741262379040460904e-03 -6.899741816334426403e+00 9.968208930423393122e-02 9.893885546528676800e-01 1.057060499396910436e-01 -1.856395442038774490e+00 -5.852287814412476114e-03 -1.056503634169643491e-01 9.943861178823850677e-01 1.008300675153732300e+02
9.948802997860853869e-01 -1.009161989607427895e-01 -5.395357714248864844e-03 -7.044770467095077038e+00 1.009141415505693667e-01 9.891539603420046456e-01 1.067275914411988658e-01 -1.880205154418945312e+00 -5.433703401969843493e-03 -1.067256460605584406e-01 9.942736601863171320e-01 1.021453378200531006e+02
9.946980462334860107e-01 -1.027280684306990238e-01 -4.768728948402235941e-03 -7.190251353196799755e+00 1.026375660822371749e-01 9.887860306017248746e-01 1.084791026677445341e-01 -1.904037065804004669e+00 -6.428596114246700605e-03 -1.083934022133371394e-01 9.940872916945562299e-01 1.034374641180038452e+02
9.944804064703717250e-01 -1.048516967903690977e-01 -3.852638927376596332e-03 -7.336876171641051769e+00 1.046363457871913316e-01 9.883899872925361318e-01 1.101656396530410059e-01 -1.927895158529281616e+00 -7.743144505145233350e-03 -1.099606961602229011e-01 9.939057747156576639e-01 1.047177027463912964e+02
9.942837205001637813e-01 -1.067243302895417301e-01 -3.130570651011713341e-03 -7.486312079243361950e+00 1.064075534771585507e-01 9.880655958920337989e-01 1.113723968383812241e-01 -1.952018734067678452e+00 -8.792935309543309375e-03 -1.110688774534479006e-01 9.937738116643409780e-01 1.060043518543243408e+02
9.941409650490905525e-01 -1.080325642310272505e-01 -3.564642609281425470e-03 -7.641618910245597363e+00 1.077511640456599029e-01 9.878587291774627577e-01 1.119143325704685804e-01 -1.976693294942378998e+00 -8.569029003815110263e-03 -1.116427169749873438e-01 9.937114649073818251e-01 1.073305816650390625e+02
9.940528852847277941e-01 -1.087928715628551368e-01 -4.792948384456743351e-03 -7.800629633478820324e+00 1.086417217939925073e-01 9.877287505913601162e-01 1.122002296827756679e-01 -2.001380063593387604e+00 -7.472452257772721658e-03 -1.120536762107294110e-01 9.936740592895220159e-01 1.086824102401733398e+02
9.939743657060071680e-01 -1.094672452084682612e-01 -5.646463123909380155e-03 -7.956973212771117687e+00 1.094061463127819211e-01 9.876219976074965823e-01 1.123969972497664838e-01 -2.025586418807506561e+00 -6.727218468783273571e-03 -1.123374918192806410e-01 9.936473380749460960e-01 1.100148409605026245e+02
9.938671721224286992e-01 -1.104259320442608772e-01 -5.844459728921622479e-03 -8.113858017139136791e+00 1.103765322565064405e-01 9.874389933151481724e-01 1.130542153473065858e-01 -2.049839152023196220e+00 -6.713069670061621967e-03 -1.130059645015388525e-01 9.935716313797822163e-01 1.113455193042755127e+02
9.937495105522190508e-01 -1.114992882342485669e-01 -5.460677657694869638e-03 -8.270914557389914989e+00 1.113958551781077944e-01 9.872657380181067976e-01 1.135663946099421118e-01 -2.074367702007293701e+00 -7.271432208535236370e-03 -1.134648459163410394e-01 9.935154025050733084e-01 1.126814534664154053e+02
9.936523450252860989e-01 -1.123937082943573251e-01 -4.761466327995254010e-03 -8.421627569012343884e+00 1.122038092540468268e-01 9.871554052488139552e-01 1.137299919851014751e-01 -2.098271867260336876e+00 -8.082228320902355365e-03 -1.135423278953390236e-01 9.935002855366856789e-01 1.139708273410797119e+02
9.935775646692586172e-01 -1.130762479274271814e-01 -4.169549203503656459e-03 -8.573164808563888073e+00 1.128131204830303408e-01 9.870652368756211992e-01 1.139096922941820744e-01 -2.122122647240757942e+00 -8.764863534972978584e-03 -1.136484945185328027e-01 9.934823586057702771e-01 1.152631359100341797e+02
9.934785975207920394e-01 -1.139700265398179285e-01 -3.333064450807796640e-03 -8.719939964823424816e+00 1.136003119998091060e-01 9.869074232718053619e-01 1.144932618303425159e-01 -2.144892754033207893e+00 -9.759374040688884033e-03 -1.141252423503167635e-01 9.934184333284818980e-01 1.165104099512100220e+02
9.933656050315085029e-01 -1.149649357375398806e-01 -2.799694849188446698e-03 -8.866628441028296947e+00 1.145211169829436632e-01 9.867270635710000404e-01 1.151286922601421209e-01 -2.167186154052615166e+00 -1.047322802979967597e-02 -1.146855072248228746e-01 9.933466393597055744e-01 1.177495409250259399e+02
9.932455136211448821e-01 -1.160045593182007367e-01 -2.508363781037755303e-03 -9.014020401053130627e+00 1.155152354883805382e-01 9.865562867497559285e-01 1.155981117691697591e-01 -2.189294746145606041e+00 -1.093526595616046461e-02 -1.151070601306606322e-01 9.932928997362985291e-01 1.189829427003860474e+02
9.931573492026075645e-01 -1.167505194912586003e-01 -2.792118079694043149e-03 -9.163583594374358654e+00 1.162890291800081910e-01 9.864674774783780409e-01 1.155801781008190671e-01 -2.211591606959700584e+00 -1.073971215726526006e-02 -1.151139960038183169e-01 9.932942295749090933e-01 1.202360014915466309e+02
9.930658123488305122e-01 -1.175213874788620244e-01 -3.002637007798768850e-03 -9.311279225163161755e+00 1.170796782195569902e-01 9.863820601933541710e-01 1.155109530595219286e-01 -2.233530079945921898e+00 -1.061326019479536149e-02 -1.150615262099249775e-01 9.933016681221673583e-01 1.214716727733612061e+02
9.929605555515188531e-01 -1.184108232377938247e-01 -2.865669026104323940e-03 -9.457327323965728283e+00 1.179508817489737793e-01 9.863159156093304070e-01 1.151889930087410807e-01 -2.255370406433939934e+00 -1.081316852078212376e-02 -1.147161346798092896e-01 9.933394605222652940e-01 1.227028142213821411e+02
9.928105881278580513e-01 -1.196690880135863611e-01 -2.538794046968084837e-03 -9.605496722273528576e+00 1.191635337956068602e-01 9.861731587255169185e-01 1.151631591381532538e-01 -2.277459580451250076e+00 -1.127777968217426319e-02 -1.146377354248280245e-01 9.933433451239844780e-01 1.239514927864074707e+02
9.926903948155675339e-01 -1.206645529242264814e-01 -2.417790005213819350e-03 -9.755038964562118053e+00 1.201408979958625417e-01 9.860789969354324391e-01 1.149538012923421310e-01 -2.299456615000963211e+00 -1.148671709673907380e-02 -1.144040098528372185e-01 9.933678965317590537e-01 1.252170403003692627e+02
9.925578668098956614e-01 -1.217559830868777532e-01 -2.088448308499617472e-03 -9.906098860315978527e+00 1.211919835266057205e-01 9.859949216094124891e-01 1.145710159217217805e-01 -2.322176132351160049e+00 -1.189050725058716888e-02 -1.139714663545066259e-01 9.934128651745594007e-01 1.265047078132629395e+02
9.924297936044076396e-01 -1.227975821412570778e-01 -1.964328530084069949e-03 -1.005831192713230848e+01 1.222200678368069310e-01 9.859395613790061796e-01 1.139536586764083037e-01 -2.345620874315500259e+00 -1.205652455225766397e-02 -1.133310863268956609e-01 9.934841242252875348e-01 1.278186089992523193e+02
9.923032196850983810e-01 -1.238132818925662404e-01 -2.142762137818998280e-03 -1.021167218964546919e+01 1.232592488350498644e-01 9.859050403470603907e-01 1.131300534556604759e-01 -2.368980810046195984e+00 -1.189444320708618434e-02 -1.125234315387389356e-01 9.935778779620348944e-01 1.291622321605682373e+02
9.921291339131554921e-01 -1.252044216068585736e-01 -1.906423568875665513e-03 -1.036575353424996138e+01 1.246236678408755294e-01 9.858155448001891807e-01 1.124128686770038410e-01 -2.392907563596963882e+00 -1.219520621470092901e-02 -1.117656675388206816e-01 9.936597569112793904e-01 1.305252538919448853e+02
9.919347981303312523e-01 -1.267417047529305063e-01 -1.377147217878505825e-03 -1.052065101545304060e+01 1.260951439458229684e-01 9.856556847329254190e-01 1.121734631138312926e-01 -2.416936088353395462e+00 -1.285966295907086700e-02 -1.114424130660714024e-01 9.936876861663276328e-01 1.318978605270385742e+02
9.917642933142174488e-01 -1.280760731986071155e-01 -3.255471945620867975e-04 -1.067651152890175581e+01 1.273013988961959331e-01 9.854799730155102688e-01 1.123546911544900384e-01 -2.440920870751142502e+00 -1.406912740799703965e-02 -1.114708134866444489e-01 9.936681122963557655e-01 1.332728608846664429e+02
9.916052021472956390e-01 -1.293021289580853495e-01 2.872652567327115686e-04 -1.083425377588719130e+01 1.284456219311723435e-01 9.852872097729532541e-01 1.127423454809362569e-01 -2.465011985972523689e+00 -1.486086407768391626e-02 -1.117589983166237810e-01 9.936242151911001130e-01 1.346523951292037964e+02
9.913553955270210105e-01 -1.311896899000483396e-01 1.935206292083114718e-03 -1.099407789390534163e+01 1.301155739995696614e-01 9.849206483471200091e-01 1.140230409270485135e-01 -2.489185331389307976e+00 -1.686467201656394188e-02 -1.127855563599259037e-01 9.934762207090593877e-01 1.360273053646087646e+02
9.911534451834146386e-01 -1.326817944498639157e-01 3.223278239908015323e-03 -1.115243587177246809e+01 1.314326091104418559e-01 9.846184213253750261e-01 1.151174776007010264e-01 -2.513099497184157372e+00 -1.844769263267368939e-02 -1.136754406557993757e-01 9.933466549137014434e-01 1.373795261383056641e+02
9.909824826582361856e-01 -1.339492363233321381e-01 3.364692098070044563e-03 -1.131231960933655500e+01 1.326533052686139913e-01 9.843161885621902751e-01 1.162959222660650549e-01 -2.536792553961277008e+00 -1.888967087671463568e-02 -1.148008842422342246e-01 9.932089091985485396e-01 1.387255903482437134e+02
9.907912255762884035e-01 -1.353599867720522709e-01 3.228204161161614145e-03 -1.147424991708248854e+01 1.340294725092532058e-01 9.838764816155024517e-01 1.184194638680277495e-01 -2.560006640851497650e+00 -1.920541121474997337e-02 -1.168962912370175716e-01 9.929584126614280359e-01 1.400532680749893188e+02
9.904696703472334329e-01 -1.376589691265329152e-01 4.454249798007617854e-03 -1.164145115297287703e+01 1.361094779044491887e-01 9.832445949969109700e-01 1.212611909637163199e-01 -2.583915039896965027e+00 -2.107230758177790902e-02 -1.194992662252822163e-01 9.926106402939665063e-01 1.413908314704895020e+02
9.901329814534280960e-01 -1.400182015353200193e-01 5.619811114252692974e-03 -1.181781217735260725e+01 1.382424164884363260e-01 9.825652034334512175e-01 1.243167538396101890e-01 -2.608482081443071365e+00 -2.292843914406457809e-02 -1.223132218551822858e-01 9.922266688805647661e-01 1.427566480636596680e+02
9.898843297188165691e-01 -1.417512329152861295e-01 5.966719712346829629e-03 -1.200100006442517042e+01 1.398564399914224987e-01 9.819971247444557738e-01 1.269717416850990044e-01 -2.633490728214383125e+00 -2.385770253094466817e-02 -1.248528532337894736e-01 9.918883884133974371e-01 1.441421750783920288e+02
9.896629325386324671e-01 -1.432884137919543666e-01 5.975820614760796699e-03 -1.218573384266346693e+01 1.413330167913181001e-01 9.815334658940119139e-01 1.289070738739864774e-01 -2.658673143014311790e+00 -2.433635806153285758e-02 -1.267299719998157270e-01 9.916386720339354088e-01 1.455189113616943359e+02
9.895116980016568364e-01 -1.443688514312164994e-01 4.922829908616671579e-03 -1.237153744976967573e+01 1.425217375473146753e-01 9.812706247303724094e-01 1.295975129690339067e-01 -2.683506669476628304e+00 -2.354047247555125094e-02 -1.275366448425545307e-01 9.915544616297844449e-01 1.469016849994659424e+02
9.893860843018787987e-01 -1.452606184001694611e-01 3.811683590729056555e-03 -1.255581003706902266e+01 1.435300496583012675e-01 9.810201631489462448e-01 1.303785424841850671e-01 -2.707871055230498314e+00 -2.267820616541467091e-02 -1.284476244903549336e-01 9.914569616114980999e-01 1.482688590288162231e+02
9.892254278062339035e-01 -1.463672540585697623e-01 3.111257129795927997e-03 -1.273525437992066145e+01 1.446943340837460734e-01 9.807121754869326802e-01 1.314046366600094828e-01 -2.731414461508393288e+00 -2.228458358675105069e-02 -1.295386266371614803e-01 9.913239337085144598e-01 1.495919914245605469e+02
9.890350931365955445e-01 -1.476547963258221519e-01 2.765079793735848897e-03 -1.291126047354191542e+01 1.459833724436001845e-01 9.803271322307157698e-01 1.328441522322070800e-01 -2.754089428111910820e+00 -2.232575898550521326e-02 -1.309838728022678089e-01 9.911330816552540446e-01 1.508712594509124756e+02
9.889315301796174351e-01 -1.483606498080442815e-01 1.883137046336490856e-03 -1.308659439068287611e+01 1.467827473400157567e-01 9.801090680290002188e-01 1.335703554335380405e-01 -2.776602754369378090e+00 -2.166226442266688812e-02 -1.318155239562451286e-01 9.910375441648126005e-01 1.521420230865478516e+02
9.888319821211617455e-01 -1.490307547779660957e-01 1.070170380934352267e-03 -1.326547849457710981e+01 1.475389100050888691e-01 9.798977512269070322e-01 1.342857668368504509e-01 -2.799454996362328529e+00 -2.106136673734100573e-02 -1.326281692204202278e-01 9.909420707389482441e-01 1.534298924207687378e+02
9.886567338569629548e-01 -1.501884303503107365e-01 1.139292847363630300e-03 -1.343822114448994398e+01 1.486519332031845386e-01 9.795697791816367905e-01 1.354461164780866311e-01 -2.821854595094919205e+00 -2.145845647380439924e-02 -1.337403570465897362e-01 9.907840589870289261e-01 1.546631466150283813e+02
9.885064639747468407e-01 -1.511758984900567482e-01 9.046523457541499587e-04 -1.361595876794308424e+01 1.496391377647316445e-01 9.792746822979132570e-01 1.364889191815537861e-01 -2.844466414302587509e+00 -2.151973812968659486e-02 -1.347848074748972391e-01 9.906411845591643894e-01 1.559201196432113647e+02
9.883698279406345488e-01 -1.520692969047919008e-01 1.102519056337543753e-04 -1.380110445898026228e+01 1.506047941592217332e-01 9.789512004855397409e-01 1.377415806653133623e-01 -2.867879314348101616e+00 -2.105419656170486389e-02 -1.361230179168931853e-01 9.904681947444543555e-01 1.572189664840698242e+02
9.881538728118259840e-01 -1.534656484755802242e-01 -4.673167654178951450e-04 -1.399180026631802320e+01 1.520139880860033876e-01 9.783797222440173691e-01 1.402314748118548005e-01 -2.891929788514971733e+00 -2.106350097153875806e-02 -1.386413136106589838e-01 9.901186368749620437e-01 1.585293627977371216e+02
9.877741671329075546e-01 -1.558913584131181584e-01 2.812774497309388747e-04 -1.418694666307419538e+01 1.542350891012832237e-01 9.775387048461096073e-01 1.436301424413060357e-01 -2.916635774075984955e+00 -2.266565760815724903e-02 -1.418307614726204979e-01 9.896313975745143487e-01 1.598343323469161987e+02
9.873387395488756324e-01 -1.586217959863565896e-01 1.157248504135222110e-03 -1.438224999886006117e+01 1.567237063216639636e-01 9.765986483895896519e-01 1.472846218735257284e-01 -2.941421441733837128e+00 -2.449271856773940423e-02 -1.452384446408363505e-01 9.890934743164936371e-01 1.611105513572692871e+02
9.870005122804033082e-01 -1.607135087264187079e-01 1.075579408873400316e-03 -1.458061567228287458e+01 1.587327754985918826e-01 9.758408428699143489e-01 1.501284628891161876e-01 -2.965799612924456596e+00 -2.517726634754234583e-02 -1.480061400745875944e-01 9.886659131170075776e-01 1.623845300674438477e+02
9.867919717425848170e-01 -1.619924174426743690e-01 2.473771614803588290e-04 -1.477988535445183516e+01 1.600862606733231552e-01 9.754117535996601474e-01 1.514737603787162379e-01 -2.989847134798765182e+00 -2.477889521376069534e-02 -1.494334889866198446e-01 9.884612479613307245e-01 1.636654139757156372e+02
9.865921237503791907e-01 -1.632033943008765198e-01 -7.958909404148095538e-04 -1.498249067645519972e+01 1.614156387195088693e-01 9.750414172156188775e-01 1.524441743423818607e-01 -3.013873070478439331e+00 -2.410338006358018342e-02 -1.505286909623217151e-01 9.883117626876047890e-01 1.649621942043304443e+02
9.863797547890378326e-01 -1.644759132856642159e-01 -1.628892618960005702e-03 -1.518699752073734999e+01 1.627904280046209295e-01 9.747585487990924058e-01 1.527908639060585050e-01 -3.037947803735733032e+00 -2.354263987724759463e-02 -1.509749830002773408e-01 9.882572026631915030e-01 1.662730598449707031e+02
9.860762811076821954e-01 -1.662830537855816693e-01 -1.874529430223664849e-03 -1.539459160249680281e+01 1.646032356949750919e-01 9.743875763917387856e-01 1.532143132092359250e-01 -3.062606919556856155e+00 -2.365042569570171074e-02 -1.513895537914512757e-01 9.881912063802417157e-01 1.676019990444183350e+02
9.856893420185245391e-01 -1.685639316337589344e-01 -1.649843403966274073e-03 -1.560270773153752089e+01 1.668109897884938742e-01 9.739344662426357990e-01 1.537066984566875516e-01 -3.087600551545619965e+00 -2.430256605527805411e-02 -1.517822664768237462e-01 9.881151394783338482e-01 1.689324696063995361e+02
9.851973021532142161e-01 -1.714225938389190296e-01 -7.550838134204030088e-04 -1.581012831907719374e+01 1.694724845132164759e-01 9.733079754162675679e-01 1.547600141638784399e-01 -3.112892854958772659e+00 -2.579443395281008286e-02 -1.525971143653223339e-01 9.879518044238954078e-01 1.702436004877090454e+02
9.846533371727694828e-01 -1.745198264792666154e-01 7.973457060891741936e-04 -1.601827767770737410e+01 1.722402212246493813e-01 9.725076773385004092e-01 1.567230796984256658e-01 -3.138105235993862152e+00 -2.812670949493013134e-02 -1.541805684362394235e-01 9.876422634383695831e-01 1.715401152372360229e+02
9.843341269390766257e-01 -1.763098724322562372e-01 1.074907441375102211e-03 -1.622786680143326521e+01 1.739207223045964590e-01 9.719603858527303686e-01 1.582548283183144444e-01 -3.162502020597457886e+00 -2.894665604406554058e-02 -1.555886795879869444e-01 9.873977181905645439e-01 1.728305033445358276e+02
9.841365217327051607e-01 -1.774122682575008936e-01 4.400722457246266923e-04 -1.643592383246868849e+01 1.750853608546781848e-01 9.716232609720806268e-01 1.590388479346081518e-01 -3.186034306883811951e+00 -2.864302718359286112e-02 -1.564388884187970508e-01 9.872722274955633148e-01 1.741116718053817749e+02
9.839968105134652143e-01 -1.781832095515802072e-01 -1.010313429190410305e-03 -1.664024949353188276e+01 1.760684179145269868e-01 9.714152984170227878e-01 1.592238368286667538e-01 -3.208771856501698494e+00 -2.738958036193721995e-02 -1.568536318841998733e-01 9.872419911310158502e-01 1.753684895038604736e+02
9.838387487315605195e-01 -1.790443148995367051e-01 -2.109454069838775578e-03 -1.684009057562798262e+01 1.770896436071108804e-01 9.712214103932026443e-01 1.592740723436950334e-01 -3.230810977518558502e+00 -2.646837020716763175e-02 -1.570735665094342981e-01 9.872321510579883386e-01 1.765960679054260254e+02
9.836107218265193186e-01 -1.802853339545671951e-01 -2.673250606240308233e-03 -1.703689372818917036e+01 1.784023685105469437e-01 9.709753100604399112e-01 1.593095796330513958e-01 -3.252779560163617134e+00 -2.612552043004294500e-02 -1.571755248565205876e-01 9.872250561894875265e-01 1.778039973974227905e+02
9.832305687861998544e-01 -1.823473599897486863e-01 -2.662500541804483593e-03 -1.723214808385819197e+01 1.804248336204573588e-01 9.705318529024630214e-01 1.597335340958253025e-01 -3.274998513981699944e+00 -2.654294666001493636e-02 -1.575352748005376113e-01 9.871565778416930836e-01 1.789999606609344482e+02
9.827715456909155156e-01 -1.848083769244130148e-01 -2.439835825019007545e-03 -1.742571538966149092e+01 1.828174001017899564e-01 9.700743851412986229e-01 1.597920070365024259e-01 -3.297674249857664108e+00 -2.716407922810936543e-02 -1.574850821865222961e-01 9.871476899068312161e-01 1.801886081695556641e+02
9.823003534812572157e-01 -1.873017650041467752e-01 -2.016029991938826562e-03 -1.761683155875653028e+01 1.852068962095122229e-01 9.695920365887338299e-01 1.599677723172714394e-01 -3.320208461955189705e+00 -2.800751947309849943e-02 -1.575097819503372965e-01 9.871201788247068176e-01 1.813629549741744995e+02
9.819138293557354569e-01 -1.893184093016868075e-01 -1.942065764757332311e-03 -1.780630614142864943e+01 1.871872086402415758e-01 9.692197199604868363e-01 1.599189899955289207e-01 -3.342350939288735390e+00 -2.839332036642295068e-02 -1.573901977227120386e-01 9.871282312948886917e-01 1.825279619693756104e+02
9.815712891975963972e-01 -1.910871309206060298e-01 -1.874198361883894692e-03 -1.799679631274193525e+01 1.889305183754824424e-01 9.689275023406269671e-01 1.596394513719142094e-01 -3.364646615460515022e+00 -2.868908240672763191e-02 -1.570515953579760260e-01 9.871736083112101490e-01 1.837048677206039429e+02
9.811791233998093942e-01 -1.930943206781176036e-01 -1.452971519957393714e-03 -1.818942421954125166e+01 1.908329864509532570e-01 9.684840498675070242e-01 1.600669123661797866e-01 -3.387269148603081703e+00 -2.950083196440078312e-02 -1.573315876551440451e-01 9.871050969574212131e-01 1.848893833160400391e+02
9.806802034685854208e-01 -1.956175720308973853e-01 3.225485245192162304e-04 -1.838752015214413404e+01 1.930023839681209719e-01 9.678357047309643635e-01 1.613819334081096624e-01 -3.410704704001545906e+00 -3.188131596148437163e-02 -1.582018146566410710e-01 9.868919735877426103e-01 1.860998833179473877e+02
9.802467080872783178e-01 -1.977703525383007199e-01 1.810784617346477719e-03 -1.859321676474064589e+01 1.948315187662413572e-01 9.671741246308250828e-01 1.631407120857235604e-01 -3.434352092444896698e+00 -3.401574016972000458e-02 -1.595653480598888396e-01 9.866011499685335417e-01 1.873379384279251099e+02
9.800607657780582294e-01 -1.986926075396902025e-01 1.463930191164812935e-03 -1.880438809376209974e+01 1.957697964765557075e-01 9.668516449262344326e-01 1.639270675970339597e-01 -3.457533337175846100e+00 -3.398649982057460467e-02 -1.603718940853204045e-01 9.864713748596219967e-01 1.886052360534667969e+02
9.800403828600802170e-01 -1.987936868019992975e-01 -1.384937231768727404e-03 -1.902506080549210310e+01 1.963162192956322272e-01 9.666821846012665365e-01 1.642726271050418130e-01 -3.480437917634844780e+00 -3.131756703411947562e-02 -1.612656940027589469e-01 9.864140033134525254e-01 1.899196133613586426e+02
9.799706499509300839e-01 -1.991062956519882299e-01 -3.769385426663371830e-03 -1.924999127071350813e+01 1.970025690944608443e-01 9.665019848612772524e-01 1.645110969794851274e-01 -3.503630992025136948e+00 -2.911207661665295154e-02 -1.619586252440864405e-01 9.863680300496928677e-01 1.912591408491134644e+02
9.798280186179897377e-01 -1.997825584039364388e-01 -4.897273600906809285e-03 -1.947621082048863173e+01 1.978272518841227012e-01 9.661841606087513412e-01 1.653860520138826229e-01 -3.527220681309700012e+00 -2.830958041229642702e-02 -1.630187018300064405e-01 9.862167462127882089e-01 1.925972261428833008e+02
9.795822253409063318e-01 -2.009745458467409596e-01 -5.281639693699204281e-03 -1.970620835106819868e+01 1.990167738279006449e-01 9.656489450592784518e-01 1.670761462358910654e-01 -3.551570195704698563e+00 -2.847784281317803853e-02 -1.647159580234982545e-01 9.859298482352124582e-01 1.939435951709747314e+02
9.792374420592935280e-01 -2.026472731133627525e-01 -5.302336172862398382e-03 -1.993773976247757673e+01 2.006036614216523128e-01 9.649323608179936063e-01 1.693036032411613101e-01 -3.576436035335063934e+00 -2.919251776395726319e-02 -1.668520954196609785e-01 9.855496817313014191e-01 1.952783614397048950e+02
9.789371822392084477e-01 -2.040875729388920423e-01 -5.500527381203689989e-03 -2.017094823997467756e+01 2.019994507427610442e-01 9.643071562653524609e-01 1.711955906997958965e-01 -3.601542880758643150e+00 -2.963469468683306920e-02 -1.687008326812337033e-01 9.852217080045874154e-01 1.966066074371337891e+02
9.786986483450468288e-01 -2.052113258550276875e-01 -6.104708707218660727e-03 -2.041003331821411848e+01 2.031466239332505586e-01 9.636974454437798876e-01 1.732590050463620746e-01 -3.626586893573403358e+00 -2.967161795556187351e-02 -1.708085050164496188e-01 9.848573753097169536e-01 1.979506096839904785e+02
9.785552018602227120e-01 -2.058653846705055523e-01 -7.011441133133014363e-03 -2.065280245523899794e+01 2.038902246569829768e-01 9.632018367085726229e-01 1.751313736900304563e-01 -3.651219891384243965e+00 -2.930005463516442005e-02 -1.728052810411095652e-01 9.845201072820602972e-01 1.993001861572265625e+02
9.783136409933252953e-01 -2.069977887367918934e-01 -7.371248500859211260e-03 -2.089483529608696699e+01 2.050059100440444204e-01 9.625901942503587438e-01 1.771798373971197327e-01 -3.675569819286465645e+00 -2.958034302363839879e-02 -1.748486013416609974e-01 9.841508877786315779e-01 2.006325727701187134e+02
9.779953203724723876e-01 -2.084917923705481013e-01 -7.505054540856970040e-03 -2.113777436595410109e+01 2.064288809621074583e-01 9.618574433490468811e-01 1.794919936341652089e-01 -3.700038753449916840e+00 -3.020381489608627359e-02 -1.770915898289678603e-01 9.837308058496345708e-01 2.019526038169860840e+02
9.776204936875967366e-01 -2.102348810552914782e-01 -7.711362375549857956e-03 -2.138094349484890699e+01 2.081187334413191203e-01 9.611243278939951562e-01 1.814569346183755316e-01 -3.724450167268514633e+00 -3.073699908580458315e-02 -1.790008969753607293e-01 9.833686571013007249e-01 2.032585686445236206e+02
9.772988295094010569e-01 -2.117116582555402804e-01 -8.072892805175809622e-03 -2.162511585932224989e+01 2.095952262540319577e-01 9.605609991218612143e-01 1.827358971235070462e-01 -3.748835369944572449e+00 -3.093281382408812757e-02 -1.802796181621791338e-01 9.831288930268620163e-01 2.045632256269454956e+02
9.769887363732012719e-01 -2.131182704189857613e-01 -8.579732718181786247e-03 -2.186885947268456221e+01 2.110412680214098224e-01 9.600748694171425957e-01 1.836241495707253146e-01 -3.772859238088130951e+00 -3.089647539462776413e-02 -1.812094035288365212e-01 9.829590835232728807e-01 2.058614178895950317e+02
9.766455805035413329e-01 -2.146687316809209600e-01 -8.985862307285576167e-03 -2.211188860516995192e+01 2.126092330176990175e-01 9.595505167048284934e-01 1.845538401852486743e-01 -3.796685542911291122e+00 -3.099554997941640286e-02 -1.821541696750346440e-01 9.827813258052231493e-01 2.071493396759033203e+02
9.763176663139159217e-01 -2.161386079717596276e-01 -9.376384557986141427e-03 -2.235693566780537367e+01 2.140919006230611876e-01 9.590215033720602689e-01 1.855866755928316791e-01 -3.820354839786887169e+00 -3.112029130574673480e-02 -1.831989580047431732e-01 9.825831614957697413e-01 2.084363923072814941e+02
9.759716728069807168e-01 -2.176783521441505442e-01 -9.768770964189491673e-03 -2.260190557222813368e+01 2.156349088655659108e-01 9.584227744460142029e-01 1.868886607093746821e-01 -3.843968782573938370e+00 -3.131900312721777602e-02 -1.845045268577762687e-01 9.823325300589945686e-01 2.097137875556945801e+02
9.756656141456403475e-01 -2.190162378494486806e-01 -1.041618606228152284e-02 -2.284852528851479292e+01 2.170269756856916532e-01 9.578538130732814349e-01 1.881897037717458754e-01 -3.867417614907026291e+00 -3.123941738465285667e-02 -1.858708162656229901e-01 9.820774605204104502e-01 2.109885089397430420e+02
9.753285902096983095e-01 -2.204863626991432901e-01 -1.095011339047168193e-02 -2.309172816853970289e+01 2.185332771112102057e-01 9.572862100790151541e-01 1.893312409181082678e-01 -3.890083648264408112e+00 -3.126256410784878509e-02 -1.870531364512704187e-01 9.818522171025255707e-01 2.122381428480148315e+02
9.749242808745988143e-01 -2.222651906315805115e-01 -1.099234254622786719e-02 -2.333508403878659010e+01 2.202475116580813186e-01 9.566499345910000063e-01 1.905569108047737992e-01 -3.912859873846173286e+00 -3.183834432833737571e-02 -1.881995953251290876e-01 9.816146046946774284e-01 2.134829903841018677e+02
9.745417617552317724e-01 -2.239202639493315383e-01 -1.131680113242944721e-02 -2.357978301029652357e+01 2.219030884970283612e-01 9.560862022944049965e-01 1.914632943875721194e-01 -3.935742635279893875e+00 -3.205267399904822290e-02 -1.891002093471178536e-01 9.814345301212847872e-01 2.147269326448440552e+02
9.741696808337304558e-01 -2.254942034014446040e-01 -1.207465016701320462e-02 -2.382774243038147688e+01 2.235559231168771921e-01 9.554864222218957259e-01 1.925316758067672218e-01 -3.958764217793941498e+00 -3.187761257793169517e-02 -1.902578807354616819e-01 9.812164677757819753e-01 2.159790312051773071e+02
9.738440925307029206e-01 -2.268429652667384722e-01 -1.303658513740790954e-02 -2.407689014356583357e+01 2.250419260409203814e-01 9.550116082563867570e-01 1.931552733407570499e-01 -3.981784164905548096e+00 -3.136582482327749527e-02 -1.910369001123681520e-01 9.810815908111886197e-01 2.172336407899856567e+02
9.735255979891721534e-01 -2.281327347827896701e-01 -1.426062342081442155e-02 -2.432683772128075361e+01 2.265339825322633116e-01 9.546156424401445184e-01 1.933683789213282156e-01 -4.004772849380970001e+00 -3.050024291537961965e-02 -1.914795825384928152e-01 9.810225811126812578e-01 2.184913564920425415e+02
9.732610130618225552e-01 -2.291660830639135615e-01 -1.568141661389096594e-02 -2.458222669642418623e+01 2.278154709091491092e-01 9.542842581056590889e-01 1.934984908111034296e-01 -4.028191886842250824e+00 -2.937876219852654514e-02 -1.918970065031644079e-01 9.809752429224740666e-01 2.197716823816299438e+02
9.730885068435448648e-01 -2.297576565276408522e-01 -1.761184589777067822e-02 -2.484744140785187483e+01 2.287606808253848101e-01 9.540187149892589424e-01 1.936926492114488807e-01 -4.052182836458086967e+00 -2.770033857747286610e-02 -1.925089886659051008e-01 9.809041648018035353e-01 2.210965303182601929e+02
9.730325045188737976e-01 -2.297637820993802815e-01 -2.040464616494027522e-02 -2.511451697628945112e+01 2.293144715848739468e-01 9.539616676954071339e-01 1.933184152882172491e-01 -4.075622694566845894e+00 -2.495231996183833525e-02 -1.927841824507033619e-01 9.809238710141250372e-01 2.224375638961791992e+02
9.729090028005229485e-01 -2.301222364094766826e-01 -2.217720856178139258e-02 -2.537969515006989241e+01 2.300148018909075609e-01 9.538529007811232807e-01 1.930228861625560288e-01 -4.099271155893802643e+00 -2.326506352405608227e-02 -1.928947899279227496e-01 9.809435951357673433e-01 2.237724080085754395e+02
9.726234105369653271e-01 -2.312981879358772253e-01 -2.246885695849495587e-02 -2.564428347628563643e+01 2.312130324793575942e-01 9.534699459041940939e-01 1.934828050994525095e-01 -4.123735211789608002e+00 -2.332884238750861094e-02 -1.933809983298070134e-01 9.808463460694677449e-01 2.250990954637527466e+02
9.722666458267609224e-01 -2.327967237545940649e-01 -2.243334174631721536e-02 -2.590892464201897383e+01 2.326469215461267614e-01 9.528838691166233721e-01 1.946477379073384140e-01 -4.148638878017663956e+00 -2.393698619062507166e-02 -1.944685511502073083e-01 9.806166444159761797e-01 2.264153845310211182e+02
9.720168936524365977e-01 -2.337808487595032791e-01 -2.301463029366599203e-02 -2.617641386669129133e+01 2.337002023690751273e-01 9.524207546081510101e-01 1.956499977109466826e-01 -4.173770383000373840e+00 -2.381961097333901850e-02 -1.955536267751799284e-01 9.804036950094345837e-01 2.277357928752899170e+02
9.718202212678707097e-01 -2.345200247658685566e-01 -2.378687702669713203e-02 -2.644426894467324018e+01 2.345492661468684958e-01 9.519855632331767348e-01 1.967488987150288193e-01 -4.198499545454978943e+00 -2.349679307548734400e-02 -1.967837528339868025e-01 9.801653204106641759e-01 2.290462849140167236e+02
9.716249710668479755e-01 -2.353029416325584100e-01 -2.403000745758405651e-02 -2.671238357108086348e+01 2.353330874891448043e-01 9.515254235301437991e-01 1.980346088657408965e-01 -4.222786746919155121e+00 -2.373296298765177961e-02 -1.980704269567905018e-01 9.799004298565142657e-01 2.303489352464675903e+02
9.714373454608276059e-01 -2.360979051566578779e-01 -2.381728415790720574e-02 -2.698206126969307661e+01 2.360269452682338398e-01 9.509948005381166913e-01 1.997502702296390098e-01 -4.246902234852313995e+00 -2.451050695858548664e-02 -1.996663930913398499e-01 9.795573319201524853e-01 2.316465774774551392e+02
9.712720978229816282e-01 -2.368081533675293893e-01 -2.350341441589275798e-02 -2.725046724360436201e+01 2.366325216944711596e-01 9.506212806302167806e-01 2.008089402628335240e-01 -4.270892420783638954e+00 -2.521034841211345842e-02 -2.006017928923549964e-01 9.793484359620495683e-01 2.329401230812072754e+02
9.710030675987190163e-01 -2.379324065789874265e-01 -2.326397673247023595e-02 -2.751762587111443281e+01 2.376629935866869936e-01 9.501880646535856290e-01 2.016406290143130664e-01 -4.294874047860503197e+00 -2.587168709790436602e-02 -2.013226556784031840e-01 9.791832535931684900e-01 2.342237560749053955e+02
9.705845744271424103e-01 -2.396360216195048964e-01 -2.324136455673105409e-02 -2.778570601623505354e+01 2.392955708923973079e-01 9.495414849573518001e-01 2.027525538588078047e-01 -4.318728784099221230e+00 -2.651817556628553035e-02 -2.023500568009885536e-01 9.789541566780706194e-01 2.355086159706115723e+02
9.701878722911114750e-01 -2.411692656656570233e-01 -2.393486489482945373e-02 -2.805540856998413801e+01 2.409044460116947506e-01 9.488845216372701064e-01 2.039196226188333960e-01 -4.342070447281002998e+00 -2.646772281561902279e-02 -2.036063601548260271e-01 9.786950034374645169e-01 2.367886762619018555e+02
9.698269197439074452e-01 -2.424716552899713051e-01 -2.536221837666624568e-02 -2.832555607240647078e+01 2.424463712875402077e-01 9.483058182526599156e-01 2.047824018749100361e-01 -4.364759117364883423e+00 -2.560278870647842916e-02 -2.047524638413279197e-01 9.784788836563399483e-01 2.380597944259643555e+02
9.694636202885114074e-01 -2.437105289473762981e-01 -2.730324188229583601e-02 -2.859779805224388838e+01 2.440235900087739940e-01 9.476232073398387357e-01 2.060649034410926561e-01 -4.387282960116863251e+00 -2.434700097184211778e-02 -2.064350624073999496e-01 9.781573434537667033e-01 2.393269819021224976e+02
9.690091527651126802e-01 -2.453415268870651755e-01 -2.878883537348936317e-02 -2.886325231473892927e+01 2.458882014629769908e-01 9.468108357493909555e-01 2.075770548226421319e-01 -4.409291623160243034e+00 -2.366969029668197083e-02 -2.082229009793668539e-01 9.777949525687866794e-01 2.405523270368576050e+02
9.684830664654953125e-01 -2.472911575161156339e-01 -2.979317680158827600e-02 -2.912895450275391340e+01 2.479585705510836680e-01 9.458685040457657234e-01 2.094022930736159638e-01 -4.431018194183707237e+00 -2.360290786861406198e-02 -2.101900484527394752e-01 9.773755911989927547e-01 2.417660582065582275e+02
9.681388437192343099e-01 -2.484355695307393641e-01 -3.141571380569421063e-02 -2.939666438382118940e+01 2.494004667277903708e-01 9.453262559612499727e-01 2.101372812859386430e-01 -4.452422657981514931e+00 -2.250747604562627902e-02 -2.112771582121989455e-01 9.771670153765082967e-01 2.429847842454910278e+02
9.678663893666307194e-01 -2.492229251656351563e-01 -3.350501315155307580e-02 -2.966728696506470442e+01 2.506042278927661515e-01 9.449382769662346693e-01 2.104499315427642570e-01 -4.473885735496878624e+00 -2.078877814283578568e-02 -2.120839133361317741e-01 9.770303170359453393e-01 2.442128781080245972e+02
9.675340657835872493e-01 -2.502972476539658264e-01 -3.505879868350022383e-02 -2.994816047232598066e+01 2.519633968102249488e-01 9.443633240058022515e-01 2.114056738608624253e-01 -4.496548125520348549e+00 -1.980601464540529544e-02 -2.133757251646998254e-01 9.767694311833803322e-01 2.454767246246337891e+02
9.671603765971474864e-01 -2.516383232872053122e-01 -3.576255295232502046e-02 -3.022869199793785810e+01 2.533915237082202676e-01 9.436354606212603580e-01 2.129433097585559098e-01 -4.519538337364792824e+00 -1.983788429471155731e-02 -2.150122594442135104e-01 9.764098456260076331e-01 2.467292354106903076e+02
9.668681342169000992e-01 -2.526169758920096542e-01 -3.675152414670851408e-02 -3.051603967230767012e+01 2.545322555236926299e-01 9.430225628096349233e-01 2.142936698317749189e-01 -4.542892251163721085e+00 -1.947670233771452500e-02 -2.165481690597358400e-01 9.760776344855588427e-01 2.480016568899154663e+02
9.666545089601337182e-01 -2.532621846067368843e-01 -3.791208455447780956e-02 -3.080275383871048689e+01 2.553977917143724907e-01 9.426090878981784327e-01 2.150815552277463294e-01 -4.565922919660806656e+00 -1.873574910337861762e-02 -2.175922178295612019e-01 9.758599276768915587e-01 2.492680273056030273e+02
9.663990119245315924e-01 -2.540928842531695597e-01 -3.885557776168490490e-02 -3.108521902840584517e+01 2.563990575958176588e-01 9.421648817296940370e-01 2.158352587026692304e-01 -4.588572923094034195e+00 -1.823384258091344245e-02 -2.185455142691722363e-01 9.756563868378854698e-01 2.505139662027359009e+02
9.661189574582359496e-01 -2.549128343476220193e-01 -4.041790351654774710e-02 -3.138049087207764387e+01 2.575159966473373752e-01 9.415470473421622133e-01 2.171973045688752602e-01 -4.611581360921263695e+00 -1.731102280454977632e-02 -2.202466901592804449e-01 9.752905843713156608e-01 2.517997395992279053e+02
9.658952442205510636e-01 -2.554672659989054573e-01 -4.222384628579545218e-02 -3.168425435107201338e+01 2.584260279341441535e-01 9.408992601155277136e-01 2.189168115979983620e-01 -4.634914221242070198e+00 -1.619769361060139842e-02 -2.223624480821729810e-01 9.748295114555159957e-01 2.530992932319641113e+02
9.656105126234325597e-01 -2.562630582307154903e-01 -4.388146416600784139e-02 -3.198089331667870283e+01 2.595381057430037886e-01 9.401133705068623891e-01 2.209679213405423837e-01 -4.657396050170063972e+00 -1.537236411372983926e-02 -2.247578598858506471e-01 9.742933823243834501e-01 2.543470486402511597e+02
9.653192329545167150e-01 -2.571616680021594492e-01 -4.501838511597762438e-02 -3.225434249918907881e+01 2.606390789710428812e-01 9.393508414187696776e-01 2.229064091473726417e-01 -4.677860129624605179e+00 -1.503492604670235780e-02 -2.269093943321795481e-01 9.737998140082866350e-01 2.554852176904678345e+02
9.650767527365851084e-01 -2.578590993849863011e-01 -4.621197022170628332e-02 -3.252920902054756880e+01 2.615680726704503467e-01 9.387596523384599267e-01 2.243043880552489378e-01 -4.697854259982705116e+00 -1.445699439282272132e-02 -2.285585264341224998e-01 9.734228245255954759e-01 2.566232186555862427e+02
9.648200928732336701e-01 -2.585338868836518089e-01 -4.777465563366974088e-02 -3.279198131244629622e+01 2.625709336807023342e-01 9.382908387877685330e-01 2.250928844565949771e-01 -4.716883409768342972e+00 -1.336761662110345222e-02 -2.297183736225227035e-01 9.731653382884607462e-01 2.577118682861328125e+02
9.644758301004811019e-01 -2.595761560068619023e-01 -4.905703195964122854e-02 -3.304079889040440321e+01 2.638738392093147866e-01 9.378262377617302414e-01 2.255050880725650297e-01 -4.735160538926720619e+00 -1.252877220339797433e-02 -2.304390743740738490e-01 9.730060960079826016e-01 2.587466088533401489e+02
9.639154185414662290e-01 -2.615656070216322293e-01 -4.950251631417214998e-02 -3.328604308050125837e+01 2.658984508649779310e-01 9.370246286606354058e-01 2.264571904599257945e-01 -4.753878822550177574e+00 -1.284833552000966446e-02 -2.314482199257605899e-01 9.727623768256880021e-01 2.597595661878585815e+02
9.632442814127485375e-01 -2.639953719375320307e-01 -4.966787614949667168e-02 -3.354581854026764631e+01 2.682803988307440046e-01 9.360256916078600886e-01 2.277751791860652408e-01 -4.773926561698317528e+00 -1.364118502383714245e-02 -2.327280564212044212e-01 9.724461783695558248e-01 2.608259989023208618e+02
9.626478218564552547e-01 -2.659855329875103758e-01 -5.060501275933541182e-02 -3.381639749091118574e+01 2.704179183493051752e-01 9.351550750963555370e-01 2.288211855514216131e-01 -4.794560167938470840e+00 -1.353959049052055018e-02 -2.339587180741073136e-01 9.721522502810294730e-01 2.619304183721542358e+02
9.620704954218252114e-01 -2.678633585746251766e-01 -5.166800723780389654e-02 -3.408823117893189192e+01 2.724788998439487964e-01 9.343417698953641048e-01 2.296969877221511636e-01 -4.815172402188181877e+00 -1.325182925619368055e-02 -2.350631365440368492e-01 9.718897627094568170e-01 2.630346837043762207e+02
9.614189504865411351e-01 -2.700640194864938892e-01 -5.233571461398490998e-02 -3.435843637865036726e+01 2.747575750511927484e-01 9.333972393414912139e-01 2.308199916421262710e-01 -4.835454529151320457e+00 -1.348616318105388436e-02 -2.362943481517949806e-01 9.715879293374184433e-01 2.641294186115264893e+02
9.608191948126627580e-01 -2.720286200572373247e-01 -5.316864441850660539e-02 -3.463631826918572187e+01 2.768569459674939948e-01 9.326916638825423211e-01 2.311633439660513156e-01 -4.855836110189557076e+00 -1.329309403782526558e-02 -2.368262865346033863e-01 9.714610664649054872e-01 2.652604930400848389e+02
9.602388326817187236e-01 -2.738988864581787808e-01 -5.404428005829717968e-02 -3.490961569827049971e+01 2.788790971249992534e-01 9.320771574177451058e-01 2.312112060580130135e-01 -4.876446075737476349e+00 -1.295505294451612145e-02 -2.370897986355073039e-01 9.714013557671099530e-01 2.663745516538619995e+02
9.597407340401226117e-01 -2.754820638458461701e-01 -5.483936472425441494e-02 -3.518201154749840498e+01 2.805938170528968767e-01 9.313641614319192463e-01 2.320084236227283880e-01 -4.896653160452842712e+00 -1.283874042934620395e-02 -2.380555214639036021e-01 9.711666877754492333e-01 2.674737386703491211e+02
9.593531572071524183e-01 -2.766530361557282269e-01 -5.571909315922203565e-02 -3.544431358855217695e+01 2.819295661165475142e-01 9.307665362690273891e-01 2.327861136560608613e-01 -4.915785627439618111e+00 -1.253951777398130962e-02 -2.390329528487119548e-01 9.709304856406669737e-01 2.685234056711196899e+02
9.590977518937927604e-01 -2.773355635936033403e-01 -5.671408536237797920e-02 -3.569909829180687666e+01 2.828228093500713691e-01 9.303575280232121436e-01 2.333369421284837431e-01 -4.934209559112787247e+00 -1.194825609057162744e-02 -2.398329735811082775e-01 9.707406368127572405e-01 2.695404124259948730e+02
9.588584348407405145e-01 -2.780303255377186700e-01 -5.735538349758833448e-02 -3.594961709063500166e+01 2.836461070132821893e-01 9.300145357880111874e-01 2.337046195504478008e-01 -4.952386394143104553e+00 -1.163563109482671290e-02 -2.403582769625378923e-01 9.706145016352397681e-01 2.705404241085052490e+02
9.586484470990849216e-01 -2.786463735119793506e-01 -5.787359849824193908e-02 -3.621626994293183088e+01 2.843664166405946436e-01 9.297577989448716496e-01 2.338507566551271122e-01 -4.971757393330335617e+00 -1.135323572823888211e-02 -2.406379725434251160e-01 9.705485408822626114e-01 2.716023588180541992e+02
9.584574395175136097e-01 -2.793069355612569082e-01 -5.785302395650113172e-02 -3.649760222714394331e+01 2.850052683440478241e-01 9.296289595268092398e-01 2.335850907597470660e-01 -4.992872949689626694e+00 -1.146008942674130344e-02 -2.403697846162904661e-01 9.706137403693857468e-01 2.727289248704910278e+02
9.580554167583412717e-01 -2.808323010223977012e-01 -5.712299994280952559e-02 -3.679621884506195784e+01 2.863058140224333248e-01 9.291579386328763235e-01 2.338685655073290404e-01 -5.016195528209209442e+00 -1.260155851284375239e-02 -2.404136929918290755e-01 9.705887166792522835e-01 2.739244188070297241e+02
9.575140761935846401e-01 -2.827604285663156136e-01 -5.668627636509207535e-02 -3.711229184549301863e+01 2.880692294718128488e-01 9.285827536799815540e-01 2.339875821483239915e-01 -5.040890334174036980e+00 -1.352453040449441528e-02 -2.403759755156412714e-01 9.705856363414007149e-01 2.751891100406646729e+02
9.570829463128480707e-01 -2.842033176606661993e-01 -5.675128287350343637e-02 -3.744092411082237959e+01 2.894876672645679272e-01 9.282044781889842167e-01 2.337377529874758719e-01 -5.066746771335601807e+00 -1.375224995543424499e-02 -2.401352137871202719e-01 9.706420322243299870e-01 2.765046416521072388e+02
9.568111578081519575e-01 -2.850359599552062528e-01 -5.715688782848245275e-02 -3.777718767803162336e+01 2.903887005092888884e-01 9.278544646069391000e-01 2.340096047718915884e-01 -5.092715673148632050e+00 -1.366787878019907858e-02 -2.405007152616898680e-01 9.705527265678385307e-01 2.778438028097152710e+02
9.567628640514731497e-01 -2.850411195990161795e-01 -5.793429131146445032e-02 -3.811477202456444502e+01 2.905752815993472571e-01 9.276958396529161321e-01 2.344065588121006793e-01 -5.117715623229742050e+00 -1.307010694226815560e-02 -2.411057635736029159e-01 9.704108321098375844e-01 2.791817064285278320e+02
9.568758707859914558e-01 -2.843813682964009271e-01 -5.929422630760321916e-02 -3.844871318619698286e+01 2.902596942623654197e-01 9.277151219683597017e-01 2.347210309238388637e-01 -5.141344323754310608e+00 -1.174213755108548599e-02 -2.418096148566023784e-01 9.702526641904329896e-01 2.804991871118545532e+02
9.569521733446264555e-01 -2.838231853073593935e-01 -6.072015656254853289e-02 -3.879100773017853498e+01 2.900563638181783976e-01 9.276125436126411161e-01 2.353768780935431848e-01 -5.165258971974253654e+00 -1.048063641066800111e-02 -2.428566828696926694e-01 9.700055607293995852e-01 2.818390340805053711e+02
9.569340015802154653e-01 -2.836631083630581363e-01 -6.174591139082988983e-02 -3.914062428753823042e+01 2.901399214663217818e-01 9.273211894105131137e-01 2.364196219474769822e-01 -5.189508548006415367e+00 -9.805232847459880580e-03 -2.441529287640827328e-01 9.696871685160775023e-01 2.831977037191390991e+02
9.568112554178789253e-01 -2.839263987031129255e-01 -6.243413829903793344e-02 -3.949532842915505171e+01 2.905540260440654943e-01 9.269529786116962322e-01 2.373531828151641820e-01 -5.214282652363181114e+00 -9.517323954083369009e-03 -2.452426870721840235e-01 9.694150014221812883e-01 2.845706833600997925e+02
9.566205900720397004e-01 -2.843595830375479916e-01 -6.337723711976178675e-02 -3.986013523023575544e+01 2.911978447725946939e-01 9.265515792097090975e-01 2.381301876364900205e-01 -5.239737980067729950e+00 -8.992321725701895446e-03 -2.462555554677009206e-01 9.691632161567398374e-01 2.859764952659606934e+02
9.563981645754621175e-01 -2.848127325531061294e-01 -6.468584213195549548e-02 -4.023181492369621992e+01 2.919524529389972423e-01 9.261087532598623051e-01 2.389274834722160401e-01 -5.265823384746909142e+00 -8.143464839369382591e-03 -2.473949969403106131e-01 9.688804877121397485e-01 2.874008041620254517e+02
9.561684033931382443e-01 -2.852804632997254508e-01 -6.600789052916833377e-02 -4.060664788167923689e+01 2.927264948588733651e-01 9.256542772699501986e-01 2.397401889118386253e-01 -5.292071934789419174e+00 -7.292705962441714020e-03 -2.485542520886337703e-01 9.685905224646816913e-01 2.888294945955276489e+02
9.558205020294030518e-01 -2.862357871953972177e-01 -6.690472351703663501e-02 -4.098690280597656965e+01 2.938626215998374480e-01 9.248742439035099183e-01 2.413553243464528486e-01 -5.318888720124959946e+00 -7.206075681714705673e-03 -2.503531647344246491e-01 9.681277629428500786e-01 2.902657859325408936e+02
9.554520091957394712e-01 -2.872743466891727326e-01 -6.771194767641530721e-02 -4.137357819359749556e+01 2.950573771978866611e-01 9.240497672207497182e-01 2.430497312493520301e-01 -5.346173228695988655e+00 -7.252743269181462574e-03 -2.522012637430415261e-01 9.676476219582643701e-01 2.917131069898605347e+02
9.551471297837820229e-01 -2.879977142314110727e-01 -6.892950792864600829e-02 -4.175542182009667158e+01 2.960546952203506055e-01 9.233638052015614717e-01 2.444399735756781211e-01 -5.372548937797546387e+00 -6.751140924916039683e-03 -2.538830436267365265e-01 9.672113637954408150e-01 2.931347628831863403e+02
9.547961612269286746e-01 -2.888420325785461817e-01 -7.024649971503724166e-02 -4.213542053382843733e+01 2.971928346687581768e-01 9.224676956723855126e-01 2.464341077497739785e-01 -5.398749031126499176e+00 -6.380401857943892099e-03 -2.561710964507375454e-01 9.666103971173484188e-01 2.945351036787033081e+02
9.543268581133292905e-01 -2.901399231184444427e-01 -7.126761463922118289e-02 -4.252355197351425886e+01 2.986795361818442851e-01 9.208243414062310395e-01 2.507450237591550835e-01 -5.425213748589158058e+00 -7.126187602059868079e-03 -2.605788887968555900e-01 9.654262582733371678e-01 2.959293614625930786e+02
9.539044356639685418e-01 -2.911538763765249560e-01 -7.277188943217705042e-02 -4.292035976331681013e+01 3.000217940615192980e-01 9.192659281611970101e-01 2.548275424871501160e-01 -5.451602259650826454e+00 -7.297308319723128794e-03 -2.649142759325291974e-01 9.642443547661716519e-01 2.973252643346786499e+02
9.535251765338557117e-01 -2.921692917236032860e-01 -7.366710724473411742e-02 -4.332529300730675459e+01 3.011979520623174200e-01 9.174681675505550471e-01 2.598691116791153055e-01 -5.478149032220244408e+00 -8.338548407552661204e-03 -2.699801224259937293e-01 9.628297887504831953e-01 2.987150627374649048e+02
9.530862253757881319e-01 -2.934682089395880822e-01 -7.418259459416914892e-02 -4.373780995886772871e+01 3.025316692732746837e-01 9.153654260919079633e-01 2.656703329359639265e-01 -5.505067829042673111e+00 -1.006161446580648190e-02 -2.756493189858633674e-01 9.612056059225682070e-01 3.000937756299972534e+02
9.527495225785318489e-01 -2.943345342835109180e-01 -7.507016154563930788e-02 -4.415747851412743330e+01 3.035594155493596680e-01 9.136809670070196177e-01 2.702568625593970708e-01 -5.531945386901497841e+00 -1.095574998395004718e-02 -2.802753511410277509e-01 9.598571243081247539e-01 3.014715727567672729e+02
9.526568028976104552e-01 -2.942640235064300502e-01 -7.650947890758821868e-02 -4.457373389881104231e+01 3.038622961836160985e-01 9.126529130826861458e-01 2.733722099989448484e-01 -5.558259716257452965e+00 -1.061700762568550983e-02 -2.836782415193206397e-01 9.588607481994358972e-01 3.028281195163726807e+02
9.526385472768618135e-01 -2.939369891572397586e-01 -7.797977075759524035e-02 -4.499685254972428083e+01 3.039450715550004456e-01 9.119897017562066388e-01 2.754853487357375452e-01 -5.584171565249562263e+00 -9.858586088078245130e-03 -2.861395294184324589e-01 9.581372438145497883e-01 3.042031272649765015e+02
9.524996113084400751e-01 -2.941989124860622251e-01 -7.868602384978490294e-02 -4.541950500290840864e+01 3.043702689248170556e-01 9.110244050228815116e-01 2.781964644767062622e-01 -5.610018381848931313e+00 -1.016020924514786372e-02 -2.889317105212285686e-01 9.572957937875690160e-01 3.055634250640869141e+02
9.522678959034392987e-01 -2.947101405866070500e-01 -7.957252960072816461e-02 -4.585189852397888899e+01 3.050771254201752880e-01 9.096755939087283194e-01 2.818124578370607147e-01 -5.636540718376636505e+00 -1.066780094485516618e-02 -2.926367148568764232e-01 9.561641862885140730e-01 3.069325428009033203e+02
9.520808979498432967e-01 -2.949738967464839989e-01 -8.082304125195127753e-02 -4.629674145858734846e+01 3.056565756226558017e-01 9.083593698540063377e-01 2.854072756204090733e-01 -5.663672493770718575e+00 -1.077132942824303094e-02 -2.964349092745776071e-01 9.549923156893573850e-01 3.083207165002822876e+02
9.519412709967391972e-01 -2.950991706387010027e-01 -8.200180523295544366e-02 -4.673642364423722029e+01 3.060978513519529431e-01 9.073933750239713270e-01 2.879954311448780224e-01 -5.690139230340719223e+00 -1.057931807019881626e-02 -2.992553131540980349e-01 9.541144247825897873e-01 3.096827574968338013e+02
9.518336109818504864e-01 -2.950881122270665458e-01 -8.328134861730707161e-02 -4.718170559685677290e+01 3.064461150970170245e-01 9.065309973111546071e-01 2.903314131402063292e-01 -5.716202799230813980e+00 -1.017622460429469695e-02 -3.018684430945201558e-01 9.532952782409516157e-01 3.110502634048461914e+02
9.517199436618593023e-01 -2.952321035050132769e-01 -8.406636602275846526e-02 -4.761910930555313826e+01 3.068018929366258529e-01 9.058416964205099342e-01 2.921017280272677485e-01 -5.741664612665772438e+00 -1.008698799297651563e-02 -3.037907603697285741e-01 9.526853764948907122e-01 3.123916606903076172e+02
9.515981028186154544e-01 -2.954404233926168355e-01 -8.471131528670200472e-02 -4.805913213174790144e+01 3.071823209612744021e-01 9.052830257318517093e-01 2.934308521792280966e-01 -5.767091475427150726e+00 -1.000361938781706844e-02 -3.052500606836544561e-01 9.522196847638515482e-01 3.137401975393295288e+02
9.514276228295173166e-01 -2.957578865909649690e-01 -8.551462469203538475e-02 -4.850315603893250227e+01 3.077204729283662954e-01 9.048101934959630333e-01 2.943240124192053608e-01 -5.792670842260122299e+00 -9.674143771741904388e-03 -3.063425962301747352e-01 9.518721682438455733e-01 3.151004663705825806e+02
9.511720871007254274e-01 -2.963749845782938652e-01 -8.621791714409517138e-02 -4.893319917004555464e+01 3.085118461968868186e-01 9.041846670119386697e-01 2.954158572194426902e-01 -5.817610444501042366e+00 -9.596951424199176919e-03 -3.075905662674421892e-01 9.514704105050433292e-01 3.164120793342590332e+02
9.508866086080614011e-01 -2.971095306878848152e-01 -8.683653807173744021e-02 -4.935758987348526716e+01 3.093909919162693978e-01 9.035781989799694935e-01 2.963505566878210096e-01 -5.842050125822424889e+00 -9.584972140095834869e-03 -3.086622184565828708e-01 9.511234216475452641e-01 3.177002530097961426e+02
9.506319103040148377e-01 -2.976890929644130934e-01 -8.763660788600044493e-02 -4.977836913149803877e+01 3.101777188147910591e-01 9.029424396586702706e-01 2.974638354726520939e-01 -5.866087904199957848e+00 -9.420926843573707021e-03 -3.099615372804724323e-01 9.507024200790352708e-01 3.189694316387176514e+02
9.503748004221216350e-01 -2.982324132943896533e-01 -8.857294385542832660e-02 -5.020248234551399946e+01 3.109739265227641769e-01 9.023190092312350918e-01 2.985223988295967468e-01 -5.890360640361905098e+00 -9.108004481057002666e-03 -3.112520413436138389e-01 9.502837528937376765e-01 3.202431939840316772e+02
9.498705011316115332e-01 -2.996609159641479558e-01 -8.915922007010373962e-02 -5.063232526462525129e+01 3.124951166227346588e-01 9.012055818557570541e-01 3.002920267322627401e-01 -5.915400598198175430e+00 -9.634996986236921829e-03 -3.131003587918007591e-01 9.496711705414253579e-01 3.215250926017761230e+02
9.493341741812146850e-01 -3.009768942631849131e-01 -9.042972327370533969e-02 -5.107358420174568892e+01 3.141330959943741119e-01 9.003494301584155091e-01 3.011499653236008878e-01 -5.941225241869688034e+00 -9.220831451699424905e-03 -3.142989225770656536e-01 9.492792863716321694e-01 3.228391870260238647e+02
9.489123074000506142e-01 -3.018460423386195579e-01 -9.194780905070013000e-02 -5.151896792929619551e+01 3.154357881619321291e-01 8.999464915549655331e-01 3.009926508813279278e-01 -5.966675611212849617e+00 -8.105332280195141209e-03 -3.146192604759291966e-01 9.491833461066448985e-01 3.241677443981170654e+02
9.483328489667248729e-01 -3.033989640355474471e-01 -9.281097021802733882e-02 -5.195977521222084761e+01 3.171860640220151017e-01 8.995808383032445343e-01 3.002454265227933461e-01 -5.992210119962692261e+00 -7.603180970956096955e-03 -3.141709470651106173e-01 9.493359824947826819e-01 3.254905785322189331e+02
9.478623200755507128e-01 -3.045573458769521569e-01 -9.381814991450503072e-02 -5.241262212675064802e+01 3.186105424811151443e-01 8.995068978293423445e-01 2.989559549119609194e-01 -6.018330378457903862e+00 -6.659159172411986162e-03 -3.132605366620880849e-01 9.496438762869462424e-01 3.268590606451034546e+02
9.475753424800633651e-01 -3.053048777409901327e-01 -9.428627658015559243e-02 -5.285829815547913313e+01 3.194774048585883874e-01 8.997519743697318662e-01 2.972887021105762306e-01 -6.044411038979887962e+00 -5.929427342681516978e-03 -3.118257786734900394e-01 9.501207952918719890e-01 3.282181783914566040e+02
9.472702828147543386e-01 -3.060712662717709476e-01 -9.486512140323352660e-02 -5.330752069037407637e+01 3.203962171265645198e-01 9.000500997579279350e-01 2.953914047103122220e-01 -6.070842016488313675e+00 -5.027459302954140688e-03 -3.102099255158332625e-01 9.506547884297530393e-01 3.295970009565353394e+02
9.469078603794540694e-01 -3.071241181343563054e-01 -9.508038710374518143e-02 -5.375652730744332075e+01 3.214712965487109275e-01 9.001717380999643137e-01 2.938486811632477491e-01 -6.097663426771759987e+00 -4.659339748810365466e-03 -3.088132412742096156e-01 9.511112829563225235e-01 3.309851344823837280e+02
9.465319651694322767e-01 -3.083173134750848976e-01 -9.496142966488532733e-02 -5.419247949402779341e+01 3.225719998864849392e-01 8.999704441084315221e-01 2.932584263418634984e-01 -6.123698534443974495e+00 -4.954170134975980841e-03 -3.082103728669410847e-01 9.513053254636467670e-01 3.323325073719024658e+02
9.461542602913703970e-01 -3.094273974974022789e-01 -9.511467505319104454e-02 -5.462659165542572737e+01 3.236739788233597426e-01 8.995337652225816605e-01 2.933839815960314623e-01 -6.149104472249746323e+00 -5.222180114166484304e-03 -3.083726494072874802e-01 9.512513011462245816e-01 3.336668032407760620e+02
9.457855395174205038e-01 -3.103063877274669924e-01 -9.591485273550119650e-02 -5.507078132312744856e+01 3.247535226477726300e-01 8.989642171779901325e-01 2.939361933505739155e-01 -6.174324592575430870e+00 -4.986257875866859091e-03 -3.091492875118657113e-01 9.510004496651414119e-01 3.350221015214920044e+02
9.454494372170938465e-01 -3.109577863097544026e-01 -9.711136287385521704e-02 -5.552334359567612410e+01 3.257381598596719163e-01 8.982858529332294895e-01 2.949189339992520642e-01 -6.199225703254342079e+00 -4.473575428590593171e-03 -3.104638168182525804e-01 9.505746712223753780e-01 3.363909943103790283e+02
9.452134434675253383e-01 -3.113149667256317477e-01 -9.825750750391638866e-02 -5.597051677387207747e+01 3.264302005051870070e-01 8.977645008162461471e-01 2.957401313185272773e-01 -6.223957907408475876e+00 -3.856226965159225903e-03 -3.116117657707666022e-01 9.502016822479415481e-01 3.377386939525604248e+02
9.448448905205714121e-01 -3.125092825223312332e-01 -9.801061776433785122e-02 -5.641328555624932051e+01 3.274792639760755186e-01 8.968286416450105270e-01 2.974150621452334997e-01 -6.248993959277868271e+00 -5.046238485962024727e-03 -3.131075467990879213e-01 9.497042695568972404e-01 3.390669304132461548e+02
9.443692009347590677e-01 -3.140729936354605956e-01 -9.759593738831884302e-02 -5.685624820273369551e+01 3.288246638036837477e-01 8.958717960222393195e-01 2.988110867526198033e-01 -6.274155734106898308e+00 -6.415044835313407807e-03 -3.142799385273378210e-01 9.493086786915063691e-01 3.403999905586242676e+02
9.439491043141186033e-01 -3.152616962973731618e-01 -9.782715017967183457e-02 -5.729644161742180586e+01 3.300198453515326702e-01 8.951932492955584353e-01 2.995262060151177574e-01 -6.298592256382107735e+00 -6.854935355177500626e-03 -3.150223948600530122e-01 9.490594821179086926e-01 3.417280174493789673e+02
9.435525781114936228e-01 -3.161613381761178565e-01 -9.874482559526973069e-02 -5.773040211480110884e+01 3.311638945479081220e-01 8.948655603707270645e-01 2.992425501332434679e-01 -6.322190307080745697e+00 -6.245581399339532845e-03 -3.150518006694632556e-01 9.490539266068673818e-01 3.430406467914581299e+02
9.431415778937760619e-01 -3.170040063658063345e-01 -9.996211280313271885e-02 -5.815781116764992476e+01 3.323497198793299856e-01 8.946129406948634122e-01 2.986826912250181154e-01 -6.345215454697608948e+00 -5.256210057569586126e-03 -3.149224448801902221e-01 9.491028532074456958e-01 3.443350135087966919e+02
9.426274005594038607e-01 -3.182176043887963157e-01 -1.009511761777772687e-01 -5.857260525505989790e+01 3.338134687684535251e-01 8.941459086986603966e-01 2.984487594650372388e-01 -6.367691492661833763e+00 -4.706568112095031557e-03 -3.150248406308659432e-01 9.490717559816558291e-01 3.455864806175231934e+02
9.421521439625050176e-01 -3.193446966541023668e-01 -1.018248611379098251e-01 -5.899003067892044783e+01 3.351579702379657855e-01 8.936569827457157000e-01 2.984063206029496373e-01 -6.390404658392071724e+00 -4.297977759609786230e-03 -3.152715685067762341e-01 9.489917625977872806e-01 3.468413599729537964e+02
