0.000000000000000000e+00 0.000000000000000000e+00 0.000000000000000000e+00 0.000000000000000000e+00 0.000000000000000000e+00 0.000000000000000000e+00 0.000000000000000000e+00 0.000000000000000000e+00 0.000000000000000000e+00 0.000000000000000000e+00 0.000000000000000000e+00 0.000000000000000000e+00
9.999991059304562668e-01 -6.230582986825079902e-04 -1.189361400709009484e-03 -8.575373329222202301e-03 6.242557038285551085e-04 9.999992854919159679e-01 1.006646790527098139e-03 -1.845871098339557648e-02 1.188733382150530815e-03 -1.007388323848334988e-03 9.999987483028434099e-01 1.019941568374633789e+00
9.999995827675078885e-01 -8.654810986553406003e-04 -3.244435863994381188e-04 -8.733646012842655182e-03 8.658981016674248410e-04 9.999988082679042156e-01 1.287362203291290280e-03 -1.834294386208057404e-02 3.233290044590830803e-04 -1.287642556792936710e-03 9.999991059303781071e-01 1.003400564193725586e+00
9.999994039535842205e-01 -1.047935757174276025e-03 3.045341819832944499e-04 -9.306479245424270630e-03 1.047532244546275915e-03 9.999985690653966364e-01 1.322194309907565165e-03 -1.894458010792732239e-02 -3.059193259105086327e-04 -1.321874480135765140e-03 9.999990463257368845e-01 1.018178820610046387e+00
9.999995827674865723e-01 -9.361059797850926952e-04 -1.397310415942206970e-04 -1.149681117385625839e-02 9.363000863231718540e-04 9.999986292744740268e-01 1.395677063294349044e-03 -1.937033049762248993e-02 1.384243369102478027e-04 -1.395807252265512943e-03 9.999990463256835938e-01 1.066533803939819336e+00
9.999996423721491112e-01 -3.828762582475603651e-04 -7.561582547302483351e-04 -1.401281915605068207e-02 3.838865106518193904e-04 9.999990467134715066e-01 1.336346092815158529e-03 -1.933794468641281128e-02 7.556458585895597935e-04 -1.336635856215281914e-03 9.999988079073709457e-01 1.083708286285400391e+00
9.999991059304207397e-01 -4.727699747337191401e-04 -1.249860664745299811e-03 -1.652178168296813965e-02 4.748529858626514971e-04 9.999985108730345962e-01 1.666828919071145767e-03 -1.937879249453544617e-02 1.249070744961500168e-03 -1.667420950443199157e-03 9.999978542338503473e-01 1.094020485877990723e+00
9.999993443489714195e-01 -4.777013330415322582e-04 -1.031373944416225054e-03 -1.898455806076526642e-02 4.794780445010384667e-04 9.999983915264440970e-01 1.723105522293410293e-03 -1.931896433234214783e-02 1.030549174174666405e-03 -1.723598928383071605e-03 9.999979734428769973e-01 1.090680360794067383e+00
9.999998211860656738e-01 -6.021267669529539734e-04 -2.223626089524654485e-04 -2.255012281239032745e-02 6.026782793924212456e-04 9.999967220763503750e-01 2.488483066902156225e-03 -1.925219222903251648e-02 2.208634978160262108e-04 -2.488616621121764183e-03 9.999969005584716797e-01 1.085730075836181641e+00
9.999998211860656738e-01 -6.149959907946216022e-04 1.097938439607509185e-04 -2.584343031048774719e-02 6.146846571937203407e-04 9.999958870873555394e-01 2.813389586789632850e-03 -1.940511912107467651e-02 -1.115236082114279270e-04 -2.813321538269519806e-03 9.999960660934448242e-01 1.089444637298583984e+00
9.999999403953552246e-01 -4.198767502138841959e-04 7.566830107221364954e-05 -3.079630434513092041e-02 4.196360823698341846e-04 9.999949931082696697e-01 3.152888258030439421e-03 -1.991455815732479095e-02 -7.699173875153064728e-05 -3.152856137603521347e-03 9.999950528144836426e-01 1.114111781120300293e+00
9.999998211860727793e-01 -4.320535379289930215e-04 -4.105255962167512259e-04 -3.451553732156753540e-02 4.332521090021947130e-04 9.999955897752873524e-01 2.923968935528778890e-03 -2.050005085766315460e-02 4.092605086043477058e-04 -2.924146422049606064e-03 9.999956488611871919e-01 1.133588790893554688e+00
9.999995827675220994e-01 -4.738360738582958844e-04 -7.926222854873254996e-04 -3.745393082499504089e-02 4.758812756910420910e-04 9.999965439035861658e-01 2.582091640820833364e-03 -2.045684307813644409e-02 7.913960726000368595e-04 -2.582467788467240899e-03 9.999963641176634610e-01 1.145500183105468750e+00
9.999971985820153009e-01 -5.385486531718003053e-04 -2.323876574213154349e-03 -4.071975871920585632e-02 5.437871407613474595e-04 9.999973206399560555e-01 2.254151312926778485e-03 -2.036413550376892090e-02 2.322656335309147835e-03 -2.255408563097860419e-03 9.999947547981342666e-01 1.186691641807556152e+00
9.999975562100900106e-01 -6.582679607796688547e-04 -2.114428045789081521e-03 -4.406912624835968018e-02 6.632271031613984347e-04 9.999970230572245988e-01 2.345533572552114133e-03 -2.116180025041103363e-02 2.112877788022160530e-03 -2.346930273302696990e-03 9.999950528205303613e-01 1.233321666717529297e+00
9.999996423721597694e-01 -7.181360549967841147e-04 -5.120575857374330643e-04 -4.652591049671173096e-02 7.193750077113397756e-04 9.999968418443454521e-01 2.423500829494231856e-03 -2.161042764782905579e-02 5.103155272081494331e-04 -2.423868225649772334e-03 9.999969601634646210e-01 1.234487295150756836e+00
9.999997019767761230e-01 -7.411953626592894745e-04 4.089369123657901931e-05 -5.116407573223114014e-02 7.410828256979584694e-04 9.999960660091323783e-01 2.687010695319762797e-03 -2.280150167644023895e-02 -4.288513446226716042e-05 -2.686979714781045914e-03 9.999963641166687012e-01 1.281826376914978027e+00
9.999998807907104492e-01 -5.057864236329386639e-04 1.147273045574975493e-04 -5.694046244025230408e-02 5.054108914919197559e-04 9.999945757868047291e-01 3.250135561195428152e-03 -2.349539846181869507e-02 -1.163705601356923580e-04 -3.250077133998274803e-03 9.999946951866149902e-01 1.323607921600341797e+00
9.999987483025307711e-01 -3.121183171268721891e-04 -1.553049375474627007e-03 -6.151926517486572266e-02 3.161563378008130920e-04 9.999965442072324961e-01 2.600487925037019057e-03 -2.382460795342922211e-02 1.552232424728572369e-03 -2.600975726495591278e-03 9.999954104464023885e-01 1.374876618385314941e+00
9.999971985818589815e-01 -3.566563816898889053e-04 -2.338459209712164498e-03 -6.455647945404052734e-02 3.615393053045187766e-04 9.999977367890738877e-01 2.088002038535174444e-03 -2.428276464343070984e-02 2.337709302082657814e-03 -2.088841610060482301e-03 9.999950528205303613e-01 1.406794428825378418e+00
9.999980330472979517e-01 -8.527196276895338597e-04 -1.796499915025827690e-03 -6.527391076087951660e-02 8.550212579042544558e-04 9.999988098759160504e-01 1.280789444699951402e-03 -2.511396259069442749e-02 1.795405638404190540e-03 -1.282322950793779448e-03 9.999975562109071348e-01 1.437602639198303223e+00
9.999983310702873496e-01 -1.704367122056902164e-03 7.270051859692623110e-04 -6.549068540334701538e-02 1.703159826799277576e-03 9.999971965241513105e-01 1.658102154217299144e-03 -2.605691924691200256e-02 -7.298291311599314213e-04 -1.656861115101215809e-03 9.999983906749179141e-01 1.402226090431213379e+00
9.999981522567935599e-01 -1.533162177369634845e-03 1.119918700965329529e-03 -6.939205527305603027e-02 1.531409609026208873e-03 9.999976131304670890e-01 1.564017695629801820e-03 -2.725172974169254303e-02 -1.122313900850713253e-03 -1.562299812343168059e-03 9.999981522567935599e-01 1.425408840179443359e+00
9.999976158153423000e-01 -1.144082862421047378e-03 1.858707925819434595e-03 -7.186710834503173828e-02 1.140011366582704966e-03 9.999969555222649742e-01 2.190079047897793962e-03 -2.740514092147350311e-02 -1.861207885667681694e-03 -2.187954903718716815e-03 9.999958872836316459e-01 1.411447048187255859e+00
9.999996423721491112e-01 -7.707674395741846707e-04 4.016886298461153472e-04 -7.494061440229415894e-02 7.700568071718899565e-04 9.999981517083627036e-01 1.766297563487268787e-03 -2.708548121154308319e-02 -4.030492855235934258e-04 -1.765987614148097073e-03 9.999983906746834350e-01 1.416667103767395020e+00
9.999993443490069467e-01 -8.904027767174704962e-04 6.569632228142510905e-04 -7.712308317422866821e-02 8.891110400553042803e-04 9.999976742698322152e-01 1.963847059890879918e-03 -2.625466510653495789e-02 -6.587103125639259815e-04 -1.963261745315858509e-03 9.999978542332428333e-01 1.393661022186279297e+00
9.999998807907104492e-01 -5.085285094628609571e-04 -2.308560882923307899e-04 -7.984729856252670288e-02 5.089067271910607815e-04 9.999985100761665802e-01 1.641123298176078854e-03 -2.571848034858703613e-02 2.300211926922202110e-04 -1.641240552999079227e-03 9.999986290931701660e-01 1.399515271186828613e+00
9.999997019767903339e-01 -4.035210109766422851e-04 -6.770368478562573166e-04 -8.152024447917938232e-02 4.043890712562697720e-04 9.999991062813148313e-01 1.282498396237439315e-03 -2.514691092073917389e-02 6.765187135897576809e-04 -1.282771743471133874e-03 9.999989271165929949e-01 1.388609051704406738e+00
9.999992847443017752e-01 -2.609818743647339097e-04 -1.150965289540822846e-03 -8.324237912893295288e-02 2.621010672121566742e-04 9.999994638515795620e-01 9.723489935455739870e-04 -2.520620822906494141e-02 1.150710973888635635e-03 -9.726500164288463812e-04 9.999988675120619064e-01 1.387307882308959961e+00
9.999995231628844294e-01 -4.924591688444918776e-04 -8.586465595377696519e-04 -8.331992477178573608e-02 4.933436848744351955e-04 9.999993447852985051e-01 1.030211725020968453e-03 -2.451816573739051819e-02 8.581386646255850792e-04 -1.030634836513624752e-03 9.999991059305202157e-01 1.355953216552734375e+00
9.999997615814351093e-01 -5.168867945736680758e-04 -5.262032669248311320e-04 -8.350184559822082520e-02 5.174481740841882504e-04 9.999992850346909323e-01 1.067228087815335008e-03 -2.415164560079574585e-02 5.256512667983770370e-04 -1.067500084973846408e-03 9.999992847443337496e-01 1.325213313102722168e+00
9.999997019767903339e-01 -4.051043948962889979e-04 -6.547143789146709410e-04 -8.428167551755905151e-02 4.057067759698634868e-04 9.999995234072274197e-01 9.202152901991634713e-04 -2.373623475432395935e-02 6.543412455357611179e-04 -9.204805962340079084e-04 9.999993443490069467e-01 1.312520623207092285e+00
9.999998211860727793e-01 -5.336394958507294315e-04 -3.962310790542977572e-04 -8.396884053945541382e-02 5.340654433889403807e-04 9.999992849716646814e-01 1.075622717530386055e-03 -2.347232028841972351e-02 3.956567961722612381e-04 -1.075834088164022428e-03 9.999993443489429978e-01 1.293027639389038086e+00
9.999994635581970215e-01 -1.018416972907464513e-03 5.321051550416049770e-05 -8.398709446191787720e-02 1.018341165035963058e-03 9.999984502015303311e-01 1.406279218504882236e-03 -2.321026287972927094e-02 -5.464261630550026894e-05 -1.406224328093230724e-03 9.999989867210388184e-01 1.266471028327941895e+00
9.999989271165077298e-01 -1.373417668930822233e-03 4.220392415387493718e-04 -8.595553040504455566e-02 1.372637063546511271e-03 9.999973167181123168e-01 1.844359206573145584e-03 -2.300435304641723633e-02 -4.245712189003825188e-04 -1.843777963888265647e-03 9.999981522562180203e-01 1.253267765045166016e+00
9.999992847442626953e-01 -1.177295963824005276e-03 4.390322448958125799e-05 -9.103669226169586182e-02 1.177213853225111961e-03 9.999976157164279789e-01 1.825694049959697939e-03 -2.352184429764747620e-02 -4.605250433087348938e-05 -1.825641142204403877e-03 9.999983310699462891e-01 1.288227796554565430e+00
9.999993443489927358e-01 -9.509899423899769930e-04 -5.945176942216774587e-04 -9.510750323534011841e-02 9.520198262409872159e-04 9.999980340267149437e-01 1.734454249770484317e-03 -2.392666414380073547e-02 5.928670871071517467e-04 -1.735019187327713208e-03 9.999983310702127426e-01 1.308016300201416016e+00
9.999990463257368845e-01 -1.342047487653994517e-03 -3.731847853792505496e-04 -9.870968759059906006e-02 1.342726674923196140e-03 9.999974379108290679e-01 1.825682116204207627e-03 -2.459542825818061829e-02 3.707336727529764175e-04 -1.826181433279422395e-03 9.999982714654009897e-01 1.330867886543273926e+00
9.999986290935325428e-01 -1.440303558686248722e-03 -8.277745581938272942e-04 -1.011244133114814758e-01 1.441565292364666018e-03 9.999977964464911162e-01 1.525661169970045188e-03 -2.460404857993125916e-02 8.255753200501203537e-04 -1.526852290787278355e-03 9.999984502796621655e-01 1.342824339866638184e+00
9.999989271166676019e-01 -1.123997118668804444e-03 -9.026231439003151334e-04 -9.949721395969390869e-02 1.124863741976053766e-03 9.999988684868206246e-01 9.601783150473645065e-04 -2.414873242378234863e-02 9.015429532155394554e-04 -9.611926571331079472e-04 9.999991059305273211e-01 1.319556593894958496e+00
9.999988675120476955e-01 -1.204816656378612967e-03 -9.088720363742491207e-04 -1.008114069700241089e-01 1.205431609383238178e-03 9.999990470673986165e-01 6.763618201818469159e-04 -2.451611496508121490e-02 9.080562740564346313e-04 -6.774566220113138748e-04 9.999993443490069467e-01 1.335340023040771484e+00
9.999988675119197978e-01 -1.365554788845732385e-03 -6.108215579966628714e-04 -1.013336181640625000e-01 1.365994557485913918e-03 9.999988085079428712e-01 7.201578562884725521e-04 -2.446769550442695618e-02 6.098374142311513424e-04 -7.209914494954207387e-04 9.999995827675292048e-01 1.333502054214477539e+00
9.999983310700422123e-01 -1.791236642238664247e-03 3.004195726105336533e-04 -1.025860980153083801e-01 1.790977907718538376e-03 9.999980325829533889e-01 8.591645822961981732e-04 -2.504110895097255707e-02 -3.019579453393816948e-04 -8.586251130774519291e-04 9.999995827675078885e-01 1.336229920387268066e+00
9.999986290931701660e-01 -1.642106625412842339e-03 -1.096207811896787786e-04 -1.027564406394958496e-01 1.642178976908326149e-03 9.999983907930892757e-01 6.628508813840099231e-04 -2.498680353164672852e-02 1.085321418941020966e-04 -6.630300194956362247e-04 9.999997615814208984e-01 1.330714702606201172e+00
9.999989867210388184e-01 -1.442799982068692028e-03 -2.185516390692489243e-04 -1.027729436755180359e-01 1.442939974367618561e-03 9.999988081089140612e-01 6.417722321447366825e-04 -2.454328909516334534e-02 2.176254056394100189e-04 -6.420869030989706516e-04 9.999998211860656738e-01 1.320214390754699707e+00
9.999988675117492676e-01 -1.510881803378460921e-03 5.687675471522910968e-05 -1.012526229023933411e-01 1.510857720859348774e-03 9.999988078706506522e-01 4.203928762206459086e-04 -2.418087981641292572e-02 -5.751184653490781784e-05 -4.203064600005745888e-04 9.999999403953552246e-01 1.300254583358764648e+00
9.999983906747687001e-01 -1.720800583826377194e-03 5.202914659217829085e-04 -1.014457494020462036e-01 1.720650964189926468e-03 9.999984500220575612e-01 2.879948229634764667e-04 -2.393082715570926666e-02 -5.207862704992294312e-04 -2.870991250977922293e-04 9.999998211860727793e-01 1.301945447921752930e+00
9.999972581874203570e-01 -2.136511763812075446e-03 9.856063076087357745e-04 -1.025637462735176086e-01 2.135977061818561396e-03 9.999976146739962823e-01 5.432075747864351144e-04 -2.443565055727958679e-02 -9.867644403129816055e-04 -5.411008353868873577e-04 9.999994039536090895e-01 1.311458230018615723e+00
9.999976754193511397e-01 -2.034590097942838051e-03 7.179851566528693647e-04 -1.041092202067375183e-01 2.034096260807694012e-03 9.999976744148365571e-01 6.879362980451431391e-04 -2.466748282313346863e-02 -7.193831843324005604e-04 -6.864742718288158185e-04 9.999995231628986403e-01 1.317242145538330078e+00
9.999985694885253906e-01 -1.675492123548559835e-03 3.791165243425679746e-05 -1.053653880953788757e-01 1.675471547059714794e-03 9.999984502445963264e-01 5.354148991687152949e-04 -2.443726547062397003e-02 -3.880867734551429749e-05 -5.353506421670317650e-04 9.999998807907104492e-01 1.324826717376708984e+00
9.999989271165929949e-01 -1.312798703590562334e-03 -7.059303828732230472e-04 -1.059093549847602844e-01 1.312863816420345442e-03 9.999991656208684354e-01 9.176957305115335901e-05 -2.430811896920204163e-02 7.058092742227017879e-04 -9.269625998079011886e-05 9.999997615814208984e-01 1.332347989082336426e+00
9.999990463258221496e-01 -1.258612618049750800e-03 -6.346962605250104422e-04 -1.052031740546226501e-01 1.258718905342674776e-03 9.999992252736872311e-01 1.670734055938041796e-04 -2.363253943622112274e-02 6.344854482449591160e-04 -1.678721446250960869e-04 9.999998211860656738e-01 1.321791410446166992e+00
9.999991655350193298e-01 -1.263134316990312212e-03 -3.417943596016982189e-04 -1.055148318409919739e-01 1.263242721699607551e-03 9.999991656719608990e-01 3.171046691204146934e-04 -2.360726520419120789e-02 3.413935191929340363e-04 -3.175361591183437082e-04 9.999998807907140019e-01 1.308595776557922363e+00
9.999992251396179199e-01 -1.256207985704644280e-03 5.842520666878100349e-05 -1.048518717288970947e-01 1.256199437193572521e-03 9.999992251288792877e-01 1.459315482040591020e-04 -2.351553365588188171e-02 -5.860847886651754379e-05 -1.458580372855067253e-04 1.000000000000000000e+00 1.294948220252990723e+00
9.999990463257368845e-01 -1.346966814444433991e-03 3.678781780501368939e-04 -1.022808179259300232e-01 1.346973738440941648e-03 9.999991059397629334e-01 -1.854550125886397175e-05 -2.320357598364353180e-02 -3.678528591990470886e-04 1.904100531840285937e-05 9.999999403953552246e-01 1.265593051910400391e+00
9.999986886979570500e-01 -1.545971857803479224e-03 4.496366619108874856e-04 -1.007153242826461792e-01 1.545787721070598919e-03 9.999987480180365651e-01 4.094396233970542956e-04 -2.283116243779659271e-02 -4.502690571825951338e-04 -4.087440415106308178e-04 9.999998211860727793e-01 1.233274102210998535e+00
9.999987483025947199e-01 -1.507107794839958109e-03 5.385181891380638091e-04 -1.023993864655494690e-01 1.506689639895877897e-03 9.999985688584264176e-01 7.761222990675263524e-04 -2.279824577271938324e-02 -5.396871129050850868e-04 -7.753099438364760565e-04 9.999995827675220994e-01 1.233232975006103516e+00
9.999979138381291932e-01 -1.840014637072786945e-03 9.161266308495550660e-04 -1.041274070739746094e-01 1.839218941544713826e-03 9.999979719794147570e-01 8.686008475202785378e-04 -2.325286157429218292e-02 -9.177229367196559906e-04 -8.669140391259905210e-04 9.999992251397671339e-01 1.236683011054992676e+00
9.999967813514842874e-01 -2.085108212965619112e-03 1.479533122534429975e-03 -1.043306440114974976e-01 2.083762874363542794e-03 9.999974342006411332e-01 9.103014525768774205e-04 -2.353909797966480255e-02 -1.481427345424890518e-03 -9.072154805871146532e-04 9.999985098843282572e-01 1.224914908409118652e+00
9.999980330471345269e-01 -1.865870907784958690e-03 6.906671176928961793e-04 -1.086381226778030396e-01 1.865311197452451664e-03 9.999979723983494218e-01 8.100746987243729940e-04 -2.389697730541229248e-02 -6.921771564520895481e-04 -8.087847781843016115e-04 9.999994635582680758e-01 1.258076548576354980e+00
9.999983906747687001e-01 -1.737971385179012647e-03 4.437744754355308122e-04 -1.107346788048744202e-01 1.737578564872888087e-03 9.999980919685318437e-01 8.840641531759852942e-04 -2.407008409500122070e-02 -4.453101137187331915e-04 -8.832916030089010828e-04 9.999994635582467595e-01 1.266881227493286133e+00
9.999969601645730677e-01 -2.204318698233330778e-03 1.109761370591729086e-03 -1.120644435286521912e-01 2.202654574346013527e-03 9.999964200559771088e-01 1.498601216142859916e-03 -2.371934242546558380e-02 -1.113060861825942993e-03 -1.496152293367275510e-03 9.999982714659765293e-01 1.251397848129272461e+00
9.999976158150296612e-01 -1.994348698878735653e-03 8.934605211255511326e-04 -1.143930554389953613e-01 1.993093739350915161e-03 9.999970768708928981e-01 1.403203200267207551e-03 -2.372485026717185974e-02 -8.962563006207346916e-04 -1.401419050212952822e-03 9.999986290935680699e-01 1.258582592010498047e+00
9.999977350237543305e-01 -2.064994638175149996e-03 5.332189392431328301e-04 -1.158613711595535278e-01 2.064139568982742423e-03 9.999966007681223568e-01 1.599198261400292930e-03 -2.354752458631992340e-02 -5.365194519981741905e-04 -1.598094050254614262e-03 9.999986290933193800e-01 1.251371502876281738e+00
9.999975562098413207e-01 -2.160323976978390566e-03 4.443608061053278685e-04 -1.195555478334426880e-01 2.159569387859744394e-03 9.999962432749973651e-01 1.691588332424437532e-03 -2.368130721151828766e-02 -4.480135103221982718e-04 -1.690624545887142727e-03 9.999984502794063701e-01 1.261580228805541992e+00
9.999971389776760589e-01 -2.297935269200736871e-03 6.559330580806995749e-04 -1.211268305778503418e-01 2.297020668129035048e-03 9.999964216191771227e-01 1.391598152504224710e-03 -2.387931197881698608e-02 -6.591284763999283314e-04 -1.390087436081405281e-03 9.999988079073318659e-01 1.268091678619384766e+00
9.999963641186226937e-01 -2.443661243720804573e-03 1.147984371786912351e-03 -1.250236928462982178e-01 2.442112919642941415e-03 9.999961219181362493e-01 1.348195657533860859e-03 -2.461235597729682922e-02 -1.151274424046278000e-03 -1.345387243523038512e-03 9.999984502798220376e-01 1.293555021286010742e+00
9.999957680739512966e-01 -2.450821238898958070e-03 1.583852817127173827e-03 -1.266345381736755371e-01 2.448640958426923087e-03 9.999960607593272321e-01 1.377072760716467267e-03 -2.494171261787414551e-02 -1.587221515364944935e-03 -1.373188597552678358e-03 9.999977946293370223e-01 1.291869521141052246e+00
9.999955892599992069e-01 -2.557535286336413884e-03 1.501794818080415782e-03 -1.282808333635330200e-01 2.555352535739352504e-03 9.999956432871158762e-01 1.453591103432315184e-03 -2.495025284588336945e-02 -1.505505992099642754e-03 -1.449747115471876346e-03 9.999977946293583386e-01 1.290237069129943848e+00
9.999969601649567608e-01 -2.098118077091263873e-03 1.301088098440454080e-03 -1.304851919412612915e-01 2.096782784239442643e-03 9.999972553890060789e-01 1.026848626790026692e-03 -2.489515766501426697e-02 -1.303239027038216591e-03 -1.024117420790740529e-03 9.999986290936178079e-01 1.304138302803039551e+00
9.999963045147417517e-01 -2.308288314944480137e-03 1.417771382566017889e-03 -1.332614570856094360e-01 2.306917905873409613e-03 9.999968377965278155e-01 9.674809888297692057e-04 -2.525313198566436768e-02 -1.420000218786299229e-03 -9.642067723367071796e-04 9.999985098843637843e-01 1.324319958686828613e+00
9.999960660968021386e-01 -2.327553888916848550e-03 1.588094938707661262e-03 -1.345232874155044556e-01 2.325528650065494807e-03 9.999964786206834155e-01 1.275977343425543182e-03 -2.521668933331966400e-02 -1.591059262864291668e-03 -1.272279107994156444e-03 9.999979138384773591e-01 1.326502561569213867e+00
9.999978542335092868e-01 -1.852941584999567761e-03 8.849657640737692427e-04 -1.364316791296005249e-01 1.851885156105369246e-03 9.999975542533893202e-01 1.193044485387230284e-03 -2.514236047863960266e-02 -8.871742757037281990e-04 -1.191403103294956523e-03 9.999988675120476955e-01 1.332744359970092773e+00
9.999989271163940430e-01 -1.455150436992553144e-03 2.074920051412850331e-04 -1.346448808908462524e-01 1.455025747418403625e-03 9.999987481208462148e-01 5.999714178347069710e-04 -2.453774586319923401e-02 -2.083647996187210083e-04 -5.996688851155340672e-04 9.999998211860656738e-01 1.318371057510375977e+00
9.999993443489074707e-01 -1.161537835277213094e-03 -1.542409967398698269e-04 -1.356850862503051758e-01 1.161602791398763657e-03 9.999992848196745943e-01 4.218475058228058835e-04 -2.439292147755622864e-02 1.537508796900510788e-04 -4.220263799652457237e-04 9.999999403953552246e-01 1.323543429374694824e+00
9.999972581882161649e-01 -1.610931354904091917e-03 1.695019810336171077e-03 -1.348080188035964966e-01 1.609436960798960037e-03 9.999983286680546035e-01 8.826131593848341892e-04 -2.475263923406600952e-02 -1.696438761427998543e-03 -8.798827403208031583e-04 9.999982118611683291e-01 1.312867999076843262e+00
9.999939203332530724e-01 -1.748540687205636397e-03 3.006451881064051406e-03 -1.352403759956359863e-01 1.743852643167898009e-03 9.999972500230306371e-01 1.561230699716450185e-03 -2.461796998977661133e-02 -3.009173553436994553e-03 -1.555978489747589233e-03 9.999942779595016873e-01 1.297101140022277832e+00
9.999964833287933175e-01 -1.601267471136808354e-03 2.134681460057100740e-03 -1.354062110185623169e-01 1.597835090063753904e-03 9.999974315199525732e-01 1.608680722917339842e-03 -2.439089491963386536e-02 -2.137251896783709526e-03 -1.605264116999530200e-03 9.999964237242835452e-01 1.277025341987609863e+00
9.999991655350584097e-01 -1.200788316174239293e-03 4.358766452503204858e-04 -1.400928944349288940e-01 1.200190136558976217e-03 9.999983303514965449e-01 1.370016162873108389e-03 -2.409695647656917572e-02 -4.375210264697670937e-04 -1.369491871171649167e-03 9.999989271165077298e-01 1.299825072288513184e+00
9.999991059304846885e-01 -1.143193479618775715e-03 -6.688257056578714990e-04 -1.430620253086090088e-01 1.143823803571086817e-03 9.999989278374138424e-01 9.428860879940119096e-04 -2.382862754166126251e-02 6.677470519207417965e-04 -9.436502665518542443e-04 9.999993443490069467e-01 1.314038634300231934e+00
9.999991655350193298e-01 -1.237605154369159945e-03 -4.199236535516759372e-04 -1.450291275978088379e-01 1.238058363799247885e-03 9.999986296539099540e-01 1.080611047104429066e-03 -2.380972728133201599e-02 4.185857251286506653e-04 -1.081130053668909186e-03 9.999993443489429978e-01 1.315270543098449707e+00
9.999980330474329548e-01 -1.734700452924056160e-03 9.919806274216952727e-04 -1.454812735319137573e-01 1.733032509392995468e-03 9.999970764810672819e-01 1.679892779579444289e-03 -2.383190393447875977e-02 -9.948918595910072327e-04 -1.678170301743220350e-03 9.999980926520493085e-01 1.292126178741455078e+00
9.999971389787418730e-01 -2.012711085469025881e-03 1.311379333751473610e-03 -1.466252952814102173e-01 2.010637846278945373e-03 9.999967175768421646e-01 1.580421527211183603e-03 -2.385809458792209625e-02 -1.314555993303656578e-03 -1.577780313145052404e-03 9.999979138384773591e-01 1.280238747596740723e+00
9.999978542336513954e-01 -1.783281863843915946e-03 1.047801706171586165e-03 -1.494363099336624146e-01 1.782110401898490126e-03 9.999977925412342206e-01 1.117870214263901735e-03 -2.412361279129981995e-02 -1.049792859703302383e-03 -1.116000564939649553e-03 9.999988675120690118e-01 1.286649227142333984e+00
9.999991059303283691e-01 -1.351095943641700010e-03 -2.246960181760056002e-04 -1.553072035312652588e-01 1.351225422695279121e-03 9.999989272911830041e-01 5.768657527336641102e-04 -2.467452362179756165e-02 2.239163732156157494e-04 -5.771688302047550678e-04 9.999998211860656738e-01 1.326229929924011230e+00
9.999989867212875083e-01 -8.944836041859556683e-04 -1.096975195132720128e-03 -1.590110361576080322e-01 8.949355592400773385e-04 9.999995235677673344e-01 4.115960819771407003e-04 -2.468675002455711365e-02 1.096606487408280373e-03 -4.125774008690435979e-04 9.999993443489429978e-01 1.351828455924987793e+00
9.999994039536410639e-01 -7.682553355167231514e-04 -7.454974698995764110e-04 -1.563439816236495972e-01 7.684675549066710687e-04 9.999996425353737672e-01 2.844248223411243131e-04 -2.420631051063537598e-02 7.452787249349057674e-04 -2.849975449971467456e-04 9.999996423721491112e-01 1.332430958747863770e+00
9.999995231628417969e-01 -9.763104655823058716e-04 -1.483989850881222507e-05 -1.568850576877593994e-01 9.763202397152781487e-04 9.999992847536918195e-01 6.727130149363507892e-04 -2.425272576510906219e-02 1.418311148881912231e-05 -6.727271829731762409e-04 9.999997615814208984e-01 1.330678343772888184e+00
9.999992847443586186e-01 -1.026359170587063264e-03 5.578823949581624168e-04 -1.570567637681961060e-01 1.026100994077114303e-03 9.999993440841188352e-01 4.628493983812139627e-04 -2.452855370938777924e-02 -5.583571037277579308e-04 -4.622766328909160699e-04 9.999997019767974393e-01 1.335934281349182129e+00
9.999992847443905930e-01 -8.138670690939805562e-04 8.107860481526392915e-04 -1.507131457328796387e-01 8.138029370452840028e-04 9.999996423201773510e-01 7.939327290661210741e-05 -2.390421181917190552e-02 -8.108504116535186768e-04 -7.873340022411523531e-05 9.999996423721313477e-01 1.289373755455017090e+00
9.999995827675292048e-01 -6.139485254706168998e-04 6.825856765441862175e-04 -1.515375077724456787e-01 6.138749586865055452e-04 9.999998211409947269e-01 1.079708521961689769e-04 -2.385077252984046936e-02 -6.826518219895660877e-04 -1.075517828266481235e-04 9.999997615814208984e-01 1.292308568954467773e+00
9.999992251397600285e-01 -7.938674244971780439e-04 9.941793420122670144e-04 -1.467754542827606201e-01 7.933887827999419606e-04 9.999995823879980206e-01 4.817628783252504753e-04 -2.277009934186935425e-02 -9.945613564923405647e-04 -4.809737182141643475e-04 9.999994039536090895e-01 1.247274279594421387e+00
9.999993443490069467e-01 -9.281771130260117004e-04 7.133475041095798438e-04 -1.466888487339019775e-01 9.277738397846374552e-04 9.999994035795315428e-01 5.654946074899287398e-04 -2.229339256882667542e-02 -7.138719665817916393e-04 -5.648323967148288771e-04 9.999995827675292048e-01 1.239131093025207520e+00
9.999994039536090895e-01 -1.001590691692847866e-03 4.616122507951483998e-04 -1.473923325538635254e-01 1.001394350846770975e-03 9.999994037569943650e-01 4.254078574222966164e-04 -2.210862003266811371e-02 -4.620380641426891088e-04 -4.249453270872977084e-04 9.999997615814351093e-01 1.233402252197265625e+00
9.999997019767761230e-01 -7.788383727339324904e-04 -1.955533618113504412e-04 -1.495634913444519043e-01 7.788396906107664108e-04 9.999997019778025242e-01 6.587096710246158077e-06 -2.229689620435237885e-02 1.955481711775064468e-04 -6.739399395883083344e-06 1.000000000000000000e+00 1.253058671951293945e+00
9.999997019767761230e-01 -7.960027508090424062e-04 -1.264206771283932858e-04 -1.476958990097045898e-01 7.959960494190454483e-04 9.999997019714418345e-01 -5.309162209969468544e-05 -2.193848043680191040e-02 1.264628954231739044e-04 5.299097392708063126e-05 1.000000000000000000e+00 1.235671520233154297e+00
9.999996423721313477e-01 -8.775205742904050674e-04 2.002109386987804178e-04 -1.460485160350799561e-01 8.775900932960212231e-04 9.999995828284712340e-01 -3.473212654263677242e-04 -2.184030972421169281e-02 -1.999060623347759247e-04 3.474968252703547478e-04 9.999999403953552246e-01 1.231141686439514160e+00
9.999991059304207397e-01 -1.221905031568180054e-03 4.647341583305886702e-04 -1.481695324182510376e-01 1.221941289111502793e-03 9.999992251841005597e-01 -7.777957308545378214e-05 -2.208918146789073944e-02 -4.646387824323028326e-04 7.834738583446798632e-05 9.999998807907104492e-01 1.248678326606750488e+00
9.999995231628417969e-01 -9.847827135650176391e-04 2.092225807789928338e-04 -1.495424658060073853e-01 9.848318295553326607e-04 9.999995232112127708e-01 -2.348087782270572650e-04 -2.199702523648738861e-02 -2.089912304654717445e-04 2.350147115066647530e-04 1.000000000000000000e+00 1.265547752380371094e+00
9.999994039535842205e-01 -1.059323582861668254e-03 4.043001340215488654e-04 -1.510600596666336060e-01 1.059499273255506968e-03 9.999993445350484622e-01 -4.344656644234947741e-04 -2.271951735019683838e-02 -4.038396291434764862e-04 4.348937395650884219e-04 9.999998211860727793e-01 1.287667512893676758e+00
9.999994635581970215e-01 -1.035994338312999944e-03 1.666621488740643192e-04 -1.522132605314254761e-01 1.036101486533880234e-03 9.999992848551831903e-01 -6.442039938972023714e-04 -2.344470284879207611e-02 -1.659946283325552940e-04 6.443763268180191517e-04 9.999998211860656738e-01 1.313900828361511230e+00
9.999994635581970215e-01 -1.047068608037615874e-03 -1.612137529705954641e-04 -1.533604115247726440e-01 1.046937191858887672e-03 9.999991057925436966e-01 -8.133642520929028818e-04 -2.335996553301811218e-02 1.620652619749307632e-04 8.131950162351131439e-04 9.999996423721313477e-01 1.343622565269470215e+00
9.999989867210956618e-01 -1.375359859830861719e-03 3.018360215265440444e-04 -1.540814191102981567e-01 1.375589437747626320e-03 9.999987486180980101e-01 -7.617508619272439366e-04 -2.392674610018730164e-02 -3.007879713550209999e-04 7.621653040139168833e-04 9.999996423721491112e-01 1.363021612167358398e+00
9.999986886980707368e-01 -1.484115234666792769e-03 6.649845393427385220e-04 -1.548976600170135498e-01 1.484330506074521550e-03 9.999988678317415225e-01 -3.233711915814020872e-04 -2.402857318520545959e-02 -6.645038374699652195e-04 3.243578057404439274e-04 9.999997019767903339e-01 1.372606635093688965e+00
9.999985694890369814e-01 -1.218256384074729946e-03 1.209542464707894210e-03 -1.558607369661331177e-01 1.218218765600881381e-03 9.999992846994966156e-01 3.185360442241184139e-05 -2.398479916155338287e-02 -1.209580339491367340e-03 -3.038006990038755184e-05 9.999992847442626953e-01 1.375000476837158203e+00
9.999990463258789930e-01 -1.155524809423492862e-03 7.914520088276162614e-04 -1.577424407005310059e-01 1.155293900804446605e-03 9.999992844778524681e-01 2.921958216904443949e-04 -2.409112639725208282e-02 -7.917890907265245914e-04 -2.912811765354086924e-04 9.999996423721491112e-01 1.379534125328063965e+00
9.999965429335020417e-01 -1.690496437351242994e-03 2.002297506899635652e-03 -1.598243415355682373e-01 1.688416070304052385e-03 9.999980295392004725e-01 1.040208600274255364e-03 -2.417335286736488342e-02 -2.004052046686410904e-03 -1.036824303554131910e-03 9.999974370013617886e-01 1.374910235404968262e+00
9.999978542339071907e-01 -1.333763681481911880e-03 1.582089402149802889e-03 -1.583581417798995972e-01 1.332339210746678881e-03 9.999986868017869401e-01 9.010980594669835541e-04 -2.391409873962402344e-02 -1.583289238624274731e-03 -8.989882578684660341e-04 9.999983310704685380e-01 1.352220892906188965e+00
9.999991059304207397e-01 -1.233276889700088939e-03 4.406454526793183264e-04 -1.598838269710540771e-01 1.232776294652945803e-03 9.999985688710959497e-01 1.134496235815130906e-03 -2.369304373860359192e-02 -4.420439945533871651e-04 -1.133952038226762604e-03 9.999992251396960796e-01 1.346063852310180664e+00
9.999989867210956618e-01 -1.390305482842115999e-03 3.128560810917423445e-04 -1.619304567575454712e-01 1.389641930407761738e-03 9.999968400296851412e-01 2.111126001396910427e-03 -2.321415022015571594e-02 -3.157901810482144356e-04 -2.110689054164935352e-03 9.999977350236299856e-01 1.327677845954895020e+00
9.999960660972568860e-01 -2.109684971882195073e-03 1.861683461649274191e-03 -1.672013252973556519e-01 2.104784681939406155e-03 9.999943272446170095e-01 2.630253263153826786e-03 -2.390841580927371979e-02 -1.867221901193261147e-03 -2.626324422222978128e-03 9.999948144018802054e-01 1.337563276290893555e+00
9.999959468881733926e-01 -2.164791057119956012e-03 1.850462120882983945e-03 -1.763610392808914185e-01 2.159522605984579013e-03 9.999936109242045790e-01 2.844389012544583113e-03 -2.456702664494514465e-02 -1.856607850641012192e-03 -2.840381328242963521e-03 9.999942183564627385e-01 1.365816473960876465e+00
9.999982714658486316e-01 -1.635748868253869429e-03 9.252648359146551727e-04 -1.831878274679183960e-01 1.633371709146694273e-03 9.999954065562269845e-01 2.564130335259939570e-03 -2.500866726040840149e-02 -9.294548071920871735e-04 -2.562614485573239120e-03 9.999963045133917205e-01 1.385526657104492188e+00
9.999987483025947199e-01 -1.494392160151467811e-03 4.759943694251018748e-04 -1.847336590290069580e-01 1.493487678313212830e-03 9.999970780198743636e-01 1.894883041588328034e-03 -2.518243342638015747e-02 -4.788246878888458014e-04 -1.894169843333057268e-03 9.999980926515803503e-01 1.376736521720886230e+00
9.999989867212519812e-01 -1.197827967308271726e-03 -7.970639284770380736e-04 -1.858034729957580566e-01 1.198473727785323573e-03 9.999989278904919399e-01 8.101185542869875902e-04 -2.483352459967136383e-02 7.960927323438227177e-04 -8.110729888608364524e-04 9.999993443490140521e-01 1.382773518562316895e+00
9.999991059305202157e-01 -1.015396317474835490e-03 -8.634795083856383873e-04 -1.842724829912185669e-01 1.016186652504080801e-03 9.999990471289744720e-01 9.153313708648803861e-04 -2.436442114412784576e-02 8.625492919236421585e-04 -9.162080457210397544e-04 9.999992251397671339e-01 1.367174506187438965e+00
9.999992251396605525e-01 -1.175175691444907064e-03 -3.949980623473175502e-04 -1.794442087411880493e-01 1.175609114357281659e-03 9.999986892070361622e-01 1.098814239117085331e-03 -2.354343235492706299e-02 3.937062574550509453e-04 -1.099277804276176107e-03 9.999993443489429978e-01 1.323132395744323730e+00
9.999991655349731445e-01 -1.303402401974257862e-03 3.932627533901473360e-05 -1.760059595108032227e-01 1.303343684412539005e-03 9.999980925739107018e-01 1.458226948537571371e-03 -2.267495915293693542e-02 -4.122685641050338745e-05 -1.458174432627856731e-03 9.999989271163940430e-01 1.279268145561218262e+00
9.999994635582680758e-01 -8.055190573188604703e-04 -6.643210680811478678e-04 -1.753336936235427856e-01 8.060747465536144407e-04 9.999993447968639204e-01 8.366471950390335765e-04 -2.251330204308032990e-02 6.636466714553534985e-04 -8.371821936977164036e-04 9.999994039536375112e-01 1.270763278007507324e+00
9.999995231628950876e-01 -7.622299915917431874e-04 -6.016370317647963322e-04 -1.788838654756546021e-01 7.627219693338085915e-04 9.999993447241524169e-01 8.178951949910050201e-04 -2.285225316882133484e-02 6.010132492519915104e-04 -8.183536984734812725e-04 9.999994635582609703e-01 1.287868976593017578e+00
9.999992847443017752e-01 -1.127367460251179395e-03 3.958726005067507913e-04 -1.727426201105117798e-01 1.126921901364805190e-03 9.999986881953774054e-01 1.124059671073006795e-03 -2.239960432052612305e-02 -3.971393452957272530e-04 -1.123612796039112627e-03 9.999992847443017752e-01 1.233254313468933105e+00
9.999995231628417969e-01 -9.988589789775021831e-04 6.021139802099918553e-05 -1.777376830577850342e-01 9.987949160858988762e-04 9.999989866567737806e-01 1.054482104445534718e-03 -2.261181734502315521e-02 -6.126461084932088852e-05 -1.054421416483819485e-03 9.999994635581970215e-01 1.256973147392272949e+00
9.999994039536090895e-01 -9.747770915829068617e-04 -4.669493152527995372e-04 -1.851456016302108765e-01 9.754062631614351941e-04 9.999986297065575069e-01 1.349138804062435717e-03 -2.341285161674022675e-02 4.656335513573139906e-04 -1.349593468245133265e-03 9.999989867211453998e-01 1.298846721649169922e+00
9.999989867210388184e-01 -1.425998989910922483e-03 5.688680908217639233e-06 -1.906958371400833130e-01 1.425979891791939735e-03 9.999957680397039139e-01 2.543000034666000660e-03 -2.405046299099922180e-02 -9.314971975982189178e-06 -2.542989328503608704e-03 9.999967813491821289e-01 1.310396552085876465e+00
9.999961257014504667e-01 -2.258764864590669368e-03 1.595285117594337585e-03 -1.951463222503662109e-01 2.253602097671558724e-03 9.999922397549259045e-01 3.230614570790038206e-03 -2.470600977540016174e-02 -1.602569944225251675e-03 -3.227007069036447184e-03 9.999935031005193764e-01 1.304969787597656250e+00
9.999951124245001211e-01 -2.533059963209671576e-03 1.818823434044750890e-03 -1.953030824661254883e-01 2.526764731882180648e-03 9.999908049698433832e-01 3.455163110970259268e-03 -2.478567510843276978e-02 -1.827558968216180801e-03 -3.450550666640406217e-03 9.999923706154163483e-01 1.276218533515930176e+00
9.999976754193511397e-01 -2.039828735719003989e-03 6.789988095449816076e-04 -1.983655840158462524e-01 2.037918174912056735e-03 9.999939760301610470e-01 2.802708190368805898e-03 -2.437815815210342407e-02 -6.847117911092936993e-04 -2.801317985041462677e-03 9.999958276758036391e-01 1.273978829383850098e+00
9.999989867210956618e-01 -1.369307380158750996e-03 -4.004741313248078548e-04 -1.992695331573486328e-01 1.369883457503703883e-03 9.999980338350586972e-01 1.441793512411029864e-03 -2.404752001166343689e-02 3.984990762546658516e-04 -1.442340698735965210e-03 9.999989271164544391e-01 1.280884146690368652e+00
9.999988675119624304e-01 -1.343852732460985291e-03 -6.772132879952625891e-04 -2.026051282882690430e-01 1.344600255398314959e-03 9.999985108888875818e-01 1.104628415454933336e-03 -2.402595803141593933e-02 6.757277878932654858e-04 -1.105537723733368560e-03 9.999991655351152531e-01 1.296780586242675781e+00
9.999988675119197978e-01 -1.391164316289484693e-03 -5.615326406481328542e-04 -2.045066654682159424e-01 1.391416399598124909e-03 9.999989274673763973e-01 4.487877012229236104e-04 -2.407469786703586578e-02 5.609077052213251591e-04 -4.495685058020348207e-04 9.999997019767974393e-01 1.310866117477416992e+00
9.999983310699462891e-01 -1.838587360725654676e-03 1.071025196895591735e-04 -2.075939178466796875e-01 1.838542171753942966e-03 9.999982713821174984e-01 4.201164284191313348e-04 -2.465908601880073547e-02 -1.078747445717453957e-04 -4.199187969788908958e-04 9.999999403953552246e-01 1.328939199447631836e+00
9.999972581869371879e-01 -2.242272385226502622e-03 6.514200143019704091e-04 -2.081159502267837524e-01 2.242011182052083829e-03 9.999974364157007134e-01 4.012709508906381600e-04 -2.499361708760261536e-02 -6.523180636577308178e-04 -3.998093517951495368e-04 9.999997019767903339e-01 1.330470323562622070e+00
9.999952316325355639e-01 -2.708419850567909178e-03 1.490049583072231574e-03 -2.074204385280609131e-01 2.707178432557078018e-03 9.999960031350231260e-01 8.345144855147477222e-04 -2.529221773147583008e-02 -1.492303796112537384e-03 -8.304766287461629037e-04 9.999985098842856246e-01 1.311130881309509277e+00
9.999932646860898444e-01 -2.824852080205112609e-03 2.328545402980748170e-03 -2.081492245197296143e-01 2.821085224582187134e-03 9.999946845765442793e-01 1.619375055549881256e-03 -2.521236985921859741e-02 -2.333107637241482735e-03 -1.612795169388878125e-03 9.999959468877506197e-01 1.296514868736267090e+00
9.999981522565448699e-01 -1.712305123932246096e-03 8.178110397849663307e-04 -2.095890045166015625e-01 1.711133604798895091e-03 9.999974945998801878e-01 1.431001501170016833e-03 -2.439674735069274902e-02 -8.202593307942152023e-04 -1.429599547789969782e-03 9.999986290935325428e-01 1.290388345718383789e+00
9.999992251396605525e-01 -1.181466849677138701e-03 -3.048027909746361713e-04 -2.080568224191665649e-01 1.181728368969056642e-03 9.999989274252786275e-01 8.593451912204232504e-04 -2.353230863809585571e-02 3.037871792912483215e-04 -8.597047487077236205e-04 9.999995827675078885e-01 1.281168341636657715e+00
9.999987483028291990e-01 -9.922033455909960199e-04 -1.254346201379955179e-03 -2.043255269527435303e-01 9.927223893388473219e-04 9.999994640741973750e-01 4.132532584870142185e-04 -2.273758873343467712e-02 1.253935392014682293e-03 -4.144979455856998007e-04 9.999991655350193298e-01 1.256817817687988281e+00
9.999990463259074147e-01 -1.033269067326526370e-03 -9.218154417679465338e-04 -1.998408734798431396e-01 1.033470301893643639e-03 9.999994637666127506e-01 2.178713479174652521e-04 -2.203912660479545593e-02 9.215897880494594574e-04 -2.188238100771719430e-04 9.999995827674865723e-01 1.227578163146972656e+00
9.999990463257368845e-01 -1.332763472223463070e-03 -3.431066837484227127e-04 -1.968029588460922241e-01 1.332798311208284459e-03 9.999991059768675861e-01 1.013543991622757346e-04 -2.196865342557430267e-02 3.429712960496544838e-04 -1.018115957119106185e-04 9.999999403953552246e-01 1.207929730415344238e+00
9.999977946282712082e-01 -2.058702344968874141e-03 4.168380855850714693e-04 -1.952540874481201172e-01 2.058549428594139141e-03 9.999977943134845670e-01 3.670449907448621453e-04 -2.221894636750221252e-02 -4.175928188487887383e-04 -3.661861192100560047e-04 9.999998807907140019e-01 1.195963144302368164e+00
9.999968409543598113e-01 -2.436995608073104849e-03 6.214535213910009044e-04 -1.935671120882034302e-01 2.437025105665527325e-03 9.999970198407098776e-01 -4.666144331402851829e-05 -2.267572283744812012e-02 -6.213379674591124058e-04 4.817579477117001074e-05 9.999998211860656738e-01 1.188647508621215820e+00
9.999966621409583922e-01 -2.436326156801223858e-03 8.437026832523595232e-04 -1.911159753799438477e-01 2.436301032509718967e-03 9.999970197086733847e-01 3.079913056230242563e-05 -2.253420650959014893e-02 -8.437752258032560349e-04 -2.874351475619374430e-05 9.999996423721313477e-01 1.174346685409545898e+00
9.999979138375536536e-01 -2.018386050724923879e-03 3.861885592487693470e-04 -1.894744485616683960e-01 2.018432012591830915e-03 9.999979735350915666e-01 -1.186208417601287762e-04 -2.214240841567516327e-02 -3.859483404085040092e-04 1.194000871464553915e-04 9.999999403953552246e-01 1.165007233619689941e+00
9.999983906746834350e-01 -1.777205695051458246e-03 2.964792631103889365e-04 -1.904899179935455322e-01 1.777306791629976179e-03 9.999983908543633726e-01 -3.411638762075031050e-04 -2.229562029242515564e-02 -2.958724508062005043e-04 3.416902414819442124e-04 9.999998807907140019e-01 1.176905632019042969e+00
9.999977350241806562e-01 -1.943349227423290084e-03 8.114981759275066275e-04 -1.926278173923492432e-01 1.943115264962866351e-03 9.999980325933442993e-01 2.889752560653096529e-04 -2.262255176901817322e-02 -8.120582206174731255e-04 -2.873977782569953066e-04 9.999995827675078885e-01 1.184515953063964844e+00
9.999946355891324856e-01 -2.227967152904299433e-03 2.379578911842903950e-03 -1.980956494808197021e-01 2.225834096053702638e-03 9.999970746377018216e-01 8.986669188210117927e-04 -2.343555539846420288e-02 -2.381574362516403198e-03 -8.933655969547427134e-04 9.999967217457310653e-01 1.210499763488769531e+00
9.999959468882053670e-01 -1.882419677863576227e-03 2.132951697293364226e-03 -2.056963741779327393e-01 1.879441951575522296e-03 9.999972525961912106e-01 1.397203070778327283e-03 -2.364742010831832886e-02 -2.135575981810688972e-03 -1.393188710098511307e-03 9.999967813513421788e-01 1.238054990768432617e+00
9.999995231628417969e-01 -9.569901211498467843e-04 -3.005343242889222259e-05 -2.111711353063583374e-01 9.570143884047865868e-04 9.999991655580402483e-01 8.173272971079356556e-04 -2.318120747804641724e-02 2.927123568952083588e-05 -8.173556998372077942e-04 9.999996423721313477e-01 1.267297863960266113e+00
9.999963045124502514e-01 -5.376972701857103513e-04 -2.670853088390985879e-03 -2.206723839044570923e-01 5.400772100278145027e-04 9.999994648445241774e-01 8.904354855642075163e-04 -2.290461026132106781e-02 2.670372836291790009e-03 -8.918746143479205912e-04 9.999960064902921886e-01 1.314377307891845703e+00
9.999973177915677525e-01 -6.854418708961883483e-04 -2.207007474216005419e-03 -2.249302417039871216e-01 6.869662994481856577e-04 9.999995242111732185e-01 6.900411461071187698e-04 -2.319308929145336151e-02 2.206533448770642281e-03 -6.915554384273429889e-04 9.999973177915677525e-01 1.339527845382690430e+00
9.999993443490140521e-01 -8.360924593217254879e-04 -8.037109692734144750e-04 -2.262194156646728516e-01 8.369525146438884511e-04 9.999990470455139002e-01 1.070316412607503912e-03 -2.358970604836940765e-02 8.028153679333627224e-04 -1.070988394584145020e-03 9.999991059305060048e-01 1.338085770606994629e+00
9.999992847442626953e-01 -1.215443645410317934e-03 1.662378282927283110e-04 -2.299971878528594971e-01 1.215155585668981075e-03 9.999977942769711081e-01 1.722233890491192384e-03 -2.434952557086944580e-02 -1.683307345956563950e-04 -1.722030574455857277e-03 9.999985098838806152e-01 1.346368789672851562e+00
9.999984502795484786e-01 -1.626008893966837589e-03 7.114951006683116084e-04 -2.315310984849929810e-01 1.624460410455275117e-03 9.999963019940338871e-01 2.171676021102278333e-03 -2.486587688326835632e-02 -7.150236633606255054e-04 -2.170516824673451861e-03 9.999973773961983170e-01 1.334766149520874023e+00
9.999988675118700598e-01 -1.429138748419010296e-03 4.397217708496362521e-04 -2.332081645727157593e-01 1.428310123436415946e-03 9.999971973965678940e-01 1.879017050362548737e-03 -2.510685659945011139e-02 -4.424059297889471054e-04 -1.878386837957851663e-03 9.999980926515803503e-01 1.328246116638183594e+00
9.999992847442626953e-01 -1.172309706466298073e-03 3.440419346405205445e-05 -2.390847653150558472e-01 1.172233372926712036e-03 9.999970196767881125e-01 2.139917637823852189e-03 -2.504404634237289429e-02 -3.691273741424083710e-05 -2.139875898137688637e-03 9.999977350234985352e-01 1.344002246856689453e+00
9.999996423721491112e-01 -7.568606735063719169e-04 -3.732720388635506290e-04 -2.427688837051391602e-01 7.576152696391752484e-04 9.999976759900225387e-01 2.025623293266915793e-03 -2.463297918438911438e-02 3.717380459420382977e-04 -2.025905410146383590e-03 9.999979138375536536e-01 1.349576592445373535e+00
9.999992847443017752e-01 -1.142591712903367291e-03 2.780079545322540024e-04 -2.420325726270675659e-01 1.142011654480593053e-03 9.999971979179477222e-01 2.077638960731494067e-03 -2.434990182518959045e-02 -2.803810639306902885e-04 -2.077320001136057082e-03 9.999977946282712082e-01 1.332386612892150879e+00
9.999987483026515633e-01 -1.460082661161727496e-03 6.204022013422111738e-04 -2.429388016462326050e-01 1.458662301243085491e-03 9.999963024378100140e-01 2.283811594672946910e-03 -2.446893230080604553e-02 -6.237344932742416859e-04 -2.282903819980461324e-03 9.999971985821645148e-01 1.320030927658081055e+00
9.999983906747687001e-01 -1.732700371440288245e-03 5.300424165953467525e-04 -2.431688755750656128e-01 1.731666413458690656e-03 9.999966007422547154e-01 1.945117900030136904e-03 -2.441141754388809204e-02 -5.334109300747513771e-04 -1.944196877202736262e-03 9.999979734423050104e-01 1.305964827537536621e+00
9.999988675117492676e-01 -1.512096584719037394e-03 1.939589575344924670e-04 -2.441721707582473755e-01 1.511842827312648296e-03 9.999980326621183968e-01 1.301897197220725421e-03 -2.438516169786453247e-02 -1.959271612577140331e-04 -1.301602460443973541e-03 9.999991655349731445e-01 1.304657101631164551e+00
9.999989271163940430e-01 -1.479551657256601097e-03 -3.771501819749957876e-05 -2.437434047460556030e-01 1.479586702771484852e-03 9.999984503305564543e-01 9.455349908249873142e-04 -2.402385696768760681e-02 3.631599247455596924e-05 -9.455897379666566849e-04 9.999995231628417969e-01 1.298192501068115234e+00
9.999986886978149414e-01 -1.605917291938499525e-03 9.759627146720294328e-05 -2.430288493633270264e-01 1.605822704732418060e-03 9.999982117081619437e-01 9.619510042024444424e-04 -2.382628433406352997e-02 -9.914091788232326508e-05 -9.617930627427995205e-04 9.999995231628417969e-01 1.287921667098999023e+00
9.999988675117492676e-01 -1.519335493061913043e-03 1.231820784636045380e-04 -2.450468242168426514e-01 1.519203535281121731e-03 9.999983308688447092e-01 1.064086013146551234e-03 -2.366926893591880798e-02 -1.247985637746751308e-04 -1.063897623680531979e-03 9.999994635581970215e-01 1.287052750587463379e+00
9.999987483024597168e-01 -1.582377311334457392e-03 1.967343279073813732e-04 -2.449695616960525513e-01 1.582114258781075478e-03 9.999978538154895569e-01 1.330370545724762245e-03 -2.361394092440605164e-02 -1.988390577025711536e-04 -1.330057624727487564e-03 9.999991059303283691e-01 1.277395009994506836e+00
9.999989867210388184e-01 -1.425885248504994143e-03 -8.162491864060484584e-05 -2.466194480657577515e-01 1.425997354090213776e-03 9.999980332056118693e-01 1.390426808842314468e-03 -2.344883605837821960e-02 7.964216638356447220e-05 -1.390541787259280682e-03 9.999990463256835938e-01 1.274721622467041016e+00
9.999988079071044922e-01 -1.544343221229584019e-03 2.131859284832840379e-05 -2.432024329900741577e-01 1.544316415674984455e-03 9.999980926091177613e-01 1.204188696791634724e-03 -2.266600541770458221e-02 -2.317823236808180809e-05 -1.204154337756335735e-03 9.999992847442626953e-01 1.249633908271789551e+00
9.999982714655786253e-01 -1.762705031433983932e-03 5.739899677422862726e-04 -2.433555871248245239e-01 1.762031262451724256e-03 9.999977338357374235e-01 1.172281850539247166e-03 -2.277621068060398102e-02 -5.760550848208367825e-04 -1.171268429715578707e-03 9.999991059304562668e-01 1.244847536087036133e+00
9.999985694885253906e-01 -1.700248255704935865e-03 2.128555303632238729e-04 -2.446986585855484009e-01 1.700051943771541119e-03 9.999981519216619708e-01 9.192295752274319076e-04 -2.288281172513961792e-02 -2.144180471077561378e-04 -9.188663680106401443e-04 9.999995827674865723e-01 1.243942618370056152e+00
9.999985694885253906e-01 -1.694872396135113255e-03 -1.771780777612235163e-04 -2.479591369628906250e-01 1.695080078206956387e-03 9.999978545837944210e-01 1.178313253853785058e-03 -2.302154898643493652e-02 1.751806121319532394e-04 -1.178611884824931622e-03 9.999992847442626953e-01 1.252098560333251953e+00
9.999987483025947199e-01 -1.521476575989681853e-03 -5.132944140614328953e-04 -2.491472959518432617e-01 1.521881837583241581e-03 9.999985701052097609e-01 7.900742701854498442e-04 -2.301995642483234406e-02 5.120915593579411507e-04 -7.908544142456938597e-04 9.999995827675220994e-01 1.254609823226928711e+00
9.999984502796621655e-01 -1.525770622577142912e-03 -8.666735254400494224e-04 -2.499472349882125854e-01 1.526156476657561378e-03 9.999986892873869992e-01 4.446605870959151655e-04 -2.298863977193832397e-02 8.659940212965011597e-04 -4.459826019523847884e-04 9.999995231628844294e-01 1.257715821266174316e+00
9.999985098844277331e-01 -1.308202412446911322e-03 -1.122522324942338157e-03 -2.553885579109191895e-01 1.308671621321304268e-03 9.999991065454402195e-01 4.174259275339886025e-04 -2.341897785663604736e-02 1.121975132264196873e-03 -4.188943003287717848e-04 9.999992847443017752e-01 1.280326008796691895e+00
9.999980926520493085e-01 -9.590352889271270241e-04 -1.679656951817265704e-03 -2.652143239974975586e-01 9.600658904171388563e-04 9.999993453395936704e-01 6.128974321406082879e-04 -2.399090677499771118e-02 1.679068082012236118e-03 -6.145088641094365034e-04 9.999983906748468598e-01 1.324848175048828125e+00
9.999960660941162871e-01 -5.513537276770656085e-04 -2.749125864464003685e-03 -2.670751810073852539e-01 5.520837954150308036e-04 9.999997619856181297e-01 2.648022354394182496e-04 -2.343982830643653870e-02 2.748979488387703896e-03 -2.663189556430453631e-04 9.999961853029581960e-01 1.341033816337585449e+00
9.999983310702873496e-01 -7.099706727349353388e-04 -1.687831875648942558e-03 -2.651777565479278564e-01 7.101464171088700539e-04 9.999997617069467104e-01 1.035322504778946485e-04 -2.364841848611831665e-02 1.687757903710007668e-03 -1.047306825718297141e-04 9.999985694885253906e-01 1.334844350814819336e+00
9.999992251396179199e-01 -1.232167647878706354e-03 6.317815303695485055e-05 -2.645878195762634277e-01 1.232136157341301441e-03 9.999991058914391440e-01 4.960460172543163437e-04 -2.446405217051506042e-02 -6.378930993378162384e-05 -4.959678044542670250e-04 9.999998807907104492e-01 1.326687693595886230e+00
9.999987483026515633e-01 -1.478608311355433802e-03 6.066762161175854196e-04 -2.646405994892120361e-01 1.477932642434613697e-03 9.999983300710799661e-01 1.112625187598566571e-03 -2.490365318953990936e-02 -6.083202897571027279e-04 -1.111727125522078696e-03 9.999992251397245013e-01 1.316289305686950684e+00
9.999994039535522461e-01 -1.082662866521984452e-03 -1.185768825880923703e-04 -2.674887776374816895e-01 1.082793343812227249e-03 9.999988080480409769e-01 1.105960874995385841e-03 -2.513148821890354156e-02 1.173793571069836617e-04 -1.106088631786406040e-03 9.999994039535522461e-01 1.320408821105957031e+00
9.999995827675078885e-01 -8.713583223340232164e-04 -3.240386309827995013e-04 -2.678545415401458740e-01 8.717636873080587823e-04 9.999988678648654705e-01 1.252995780881358510e-03 -2.472916431725025177e-02 3.229464346077293158e-04 -1.253277687160506138e-03 9.999991655350193298e-01 1.310492157936096191e+00
9.999997019767761230e-01 -8.082694862492920476e-04 2.351576595598479794e-04 -2.681140303611755371e-01 8.079597610048949718e-04 9.999988672612075691e-01 1.314220027387476893e-03 -2.428720332682132721e-02 -2.362196100875735283e-04 -1.314029563218355179e-03 9.999991655349731445e-01 1.302650570869445801e+00
9.999994635582680758e-01 -7.199782747384768930e-04 7.766331157706909830e-04 -2.696771621704101562e-01 7.187089836346513549e-04 9.999984493667736229e-01 1.633377929072460984e-03 -2.411545440554618835e-02 -7.778078434057533741e-04 -1.632818814830690191e-03 9.999983906749818630e-01 1.297642588615417480e+00
9.999995827675292048e-01 -6.283394366219764238e-04 6.994440086064580148e-04 -2.684055268764495850e-01 6.276685412198446112e-04 9.999993439277986562e-01 9.590120075350278038e-04 -2.399016916751861572e-02 -7.000461337156593800e-04 -9.585725535688621735e-04 9.999992847443763822e-01 1.293545842170715332e+00
9.999991655351152531e-01 -1.065695202495748001e-03 6.607696725750752389e-04 -2.671580612659454346e-01 1.065205994348228380e-03 9.999991054093304577e-01 7.402794438250308090e-04 -2.398166805505752563e-02 -6.615580641664564610e-04 -7.395750127441730326e-04 9.999994635582680758e-01 1.283632993698120117e+00
9.999983310702873496e-01 -1.686588185618524173e-03 6.449537296377619690e-04 -2.680795788764953613e-01 1.685907778709666571e-03 9.999980318995375095e-01 1.053939794509641936e-03 -2.385477349162101746e-02 -6.467300117947161198e-04 -1.052850722773140957e-03 9.999992251397458176e-01 1.284860253334045410e+00
9.999986290931701660e-01 -1.657561945533012017e-03 -5.260753939153701650e-05 -2.697020173072814941e-01 1.657628105022013187e-03 9.999977947366623932e-01 1.283107569992066477e-03 -2.334164828062057495e-02 5.048059392720460892e-05 -1.283193007111549377e-03 9.999991655349731445e-01 1.280060529708862305e+00
9.999983906750387064e-01 -1.582951915576694731e-03 -8.671027328056198080e-04 -2.701468467712402344e-01 1.583961669130717898e-03 9.999980942508536197e-01 1.165082639579952594e-03 -2.268867753446102142e-02 8.652567630633711815e-04 -1.166454215609860623e-03 9.999989867212732975e-01 1.271118164062500000e+00
9.999979138384489374e-01 -1.616525874232864436e-03 -1.258999074423047164e-03 -2.722413837909698486e-01 1.618679289946134414e-03 9.999972020674722240e-01 1.711234876716159585e-03 -2.252384088933467865e-02 1.256229355931282043e-03 -1.713269226773547760e-03 9.999977350246531671e-01 1.267187595367431641e+00
9.999979138378733978e-01 -1.918441106407361551e-03 -6.809924643627707306e-04 -2.654536664485931396e-01 1.919680050166128193e-03 9.999964857021509390e-01 1.823366766422058072e-03 -2.200862951576709747e-02 6.774920620955526829e-04 -1.824670269046257953e-03 9.999980926517650914e-01 1.225345253944396973e+00
9.999977350234985352e-01 -2.136652806916167300e-03 -7.112776519992833530e-05 -2.657016515731811523e-01 2.136791590601205826e-03 9.999957087574656844e-01 2.011757602297335138e-03 -2.172657847404479980e-02 6.682903040200471878e-05 -2.011904958635568619e-03 9.999979734420776367e-01 1.213731288909912109e+00
9.999983310705857775e-01 -1.481376180968319283e-03 -1.097381182120009315e-03 -2.677093446254730225e-01 1.482589101551481936e-03 9.999983328688516471e-01 1.105315535028557426e-03 -2.140444703400135040e-02 1.095741870813071728e-03 -1.106940597815062044e-03 9.999988079074597636e-01 1.218726158142089844e+00
9.999977350246531671e-01 -1.232516244171112272e-03 -1.720074601164529654e-03 -2.706219255924224854e-01 1.233920362521408187e-03 9.999988692463248618e-01 8.154823015778092437e-04 -2.146311849355697632e-02 1.719067688100039959e-03 -8.176029118088928849e-04 9.999981522565448699e-01 1.228093743324279785e+00
9.999985694889801380e-01 -1.398113084579725475e-03 -9.848168856147940763e-04 -2.808728814125061035e-01 1.399409289939423928e-03 9.999981540699719451e-01 1.316686980137644295e-03 -2.266237512230873108e-02 9.829741902649402618e-04 -1.318063191279139623e-03 9.999986290935964917e-01 1.263846635818481445e+00
9.999989271163940430e-01 -1.476521846220398611e-03 2.942565161681820588e-05 -2.805310487747192383e-01 1.476470497436821461e-03 9.999974965275206795e-01 1.675930472196686871e-03 -2.299018017947673798e-02 -3.190012648701667786e-05 -1.675885170698165894e-03 9.999985694885253906e-01 1.252511024475097656e+00
9.999992251396605525e-01 -1.177151241687847665e-03 -3.630963919202055256e-04 -2.873472273349761963e-01 1.177720422508091169e-03 9.999980337163005828e-01 1.571292382086004937e-03 -2.335388399660587311e-02 3.612460568547248840e-04 -1.571718858936789476e-03 9.999986886978895484e-01 1.272421836853027344e+00
9.999992847443870403e-01 -8.907647112917833378e-04 -7.420572050479085167e-04 -2.867135703563690186e-01 8.915554752593514432e-04 9.999989874260610812e-01 1.065984540937772078e-03 -2.303066849708557129e-02 7.411069818772375584e-04 -1.066645405882381270e-03 9.999991059305060048e-01 1.266370534896850586e+00
9.999993443489714195e-01 -1.033005485660260956e-03 -5.030026261618544695e-04 -2.824647724628448486e-01 1.033495289937208517e-03 9.999989872271233260e-01 9.744593949368408285e-04 -2.264996990561485291e-02 5.019954987801611423e-04 -9.749786115276840026e-04 9.999994039536090895e-01 1.245939016342163086e+00
9.999989271166676019e-01 -1.149998407393912608e-03 -9.250311542687240842e-04 -2.952714264392852783e-01 1.151605960056478750e-03 9.999978560836114694e-01 1.739204209587175143e-03 -2.300846204161643982e-02 9.230290306732058525e-04 -1.740267589092063527e-03 9.999980926519889124e-01 1.285773634910583496e+00
9.999989867212875083e-01 -9.346428293199596704e-04 -1.115486754908754600e-03 -3.037631511688232422e-01 9.370557617246685900e-04 9.999972604468468917e-01 2.164558942251970045e-03 -2.333287149667739868e-02 1.113460515625774860e-03 -2.165601927800048232e-03 9.999970793737915642e-01 1.299553990364074707e+00
9.999989867212732975e-01 -1.145954445743843338e-03 -8.282313225188634147e-04 -2.966385781764984131e-01 1.147983883669628780e-03 9.999963068402465405e-01 2.454006657849042931e-03 -2.248183265328407288e-02 8.254161220975220203e-04 -2.454954951346816072e-03 9.999966025363349331e-01 1.247755646705627441e+00
9.999992847443017752e-01 -1.138233850956120235e-03 -3.399878421605453840e-04 -2.734488844871520996e-01 1.138981596664687124e-03 9.999969014086501629e-01 2.207279880520761264e-03 -2.046403288841247559e-02 3.374743973836302757e-04 -2.207665572603600967e-03 9.999974966050650949e-01 1.138169527053833008e+00
9.999993443489927358e-01 -9.591908384488257323e-04 -5.795969745714862681e-04 -2.748662531375885010e-01 9.601698868417635202e-04 9.999980935909487112e-01 1.691298334324482962e-03 -1.999414712190628052e-02 5.779736093245446682e-04 -1.691853790696723481e-03 9.999983906748468598e-01 1.138001441955566406e+00
9.999988675120690118e-01 -1.033843102674705111e-03 -1.090719550067231758e-03 -2.627719342708587646e-01 1.035137649170597696e-03 9.999987496427510392e-01 1.186971090289993137e-03 -1.902916468679904938e-02 1.089491066522896290e-03 -1.188098792560696171e-03 9.999986886982412670e-01 1.088649511337280273e+00
9.999987483027794610e-01 -1.347008163643845886e-03 -8.399359404800463670e-04 -2.488172203302383423e-01 1.347627241640309004e-03 9.999988087417666094e-01 7.368918985118665154e-04 -1.827707141637802124e-02 8.389423601329326630e-04 -7.380228760643994801e-04 9.999993443490140521e-01 1.034740805625915527e+00
9.999977350236299856e-01 -2.101198386998279644e-03 3.174347313270717199e-04 -2.452438324689865112e-01 2.100867559709090893e-03 9.999972574903929212e-01 1.038880696746593635e-03 -1.871831715106964111e-02 -3.196167526766657829e-04 -1.038211452359764919e-03 9.999994039535842205e-01 1.012957334518432617e+00
9.999966621407985201e-01 -2.475961680995828786e-03 7.896363151927338108e-04 -2.597752213478088379e-01 2.474917758280487101e-03 9.999960635088802618e-01 1.320406815411678814e-03 -2.004781365394592285e-02 -7.929024868644773960e-04 -1.318448063076002597e-03 9.999988079073709457e-01 1.066433310508728027e+00
9.999975562095642090e-01 -2.219264035025484555e-03 -1.044035515312086393e-04 -2.705786228179931641e-01 2.219394315034151077e-03 9.999967816364023765e-01 1.265188746256811977e-03 -2.063363045454025269e-02 1.015954185277223587e-04 -1.265417318791151047e-03 9.999992251396179199e-01 1.104419469833374023e+00
9.999976754189887629e-01 -2.140175721723065229e-03 -2.902106828973169839e-04 -2.718332111835479736e-01 2.140503714799651958e-03 9.999970800732320697e-01 1.134680530439342730e-03 -2.061220631003379822e-02 2.877814113162457943e-04 -1.135299031008833726e-03 9.999992847443017752e-01 1.104264974594116211e+00
9.999971985816955566e-01 -2.370517975701116192e-03 2.313462985876895165e-04 -2.702048420906066895e-01 2.370222704485058784e-03 9.999964230192704973e-01 1.268339449320113506e-03 -2.028215676546096802e-02 -2.343520754948258400e-04 -1.267787534743547440e-03 9.999992251396179199e-01 1.094734907150268555e+00
9.999976158142089844e-01 -2.183446369565359996e-03 -1.943071788717193923e-04 -2.778813540935516357e-01 2.183552365750074387e-03 9.999974372312971926e-01 5.464364835345648973e-04 -2.038160711526870728e-02 1.931135775521397591e-04 -5.468594608828425407e-04 9.999998211860656738e-01 1.131073832511901855e+00
9.999977350236299856e-01 -2.103821881789864727e-03 -3.386533114903846585e-04 -2.732969820499420166e-01 2.103913217177191819e-03 9.999977352157921606e-01 2.694432433082180980e-04 -2.060999162495136261e-02 3.380856942385435104e-04 -2.701551259589110576e-04 9.999998807907140019e-01 1.114058494567871094e+00
9.999983906745910645e-01 -1.785608392416243324e-03 -1.181294436960361499e-04 -2.723954319953918457e-01 1.785724889487028122e-03 9.999979140447117221e-01 9.936964446552527981e-04 -2.020709030330181122e-02 1.163548440672457218e-04 -9.939058218151330948e-04 9.999995231628417969e-01 1.099187016487121582e+00
9.999989867210956618e-01 -1.390606754749650542e-03 -3.006730659802108775e-04 -2.623016238212585449e-01 1.390908296203113848e-03 9.999985699075898404e-01 1.005218607038871207e-03 -1.913245394825935364e-02 2.992747467942535877e-04 -1.005635769701848647e-03 9.999994635582254432e-01 1.049667119979858398e+00
9.999994039536268531e-01 -9.286104930162215583e-04 -5.920525569656139584e-04 -2.547844052314758301e-01 9.290968385649613082e-04 9.999992255914751382e-01 8.216870536725823107e-04 -1.842395029962062836e-02 5.912890774197876453e-04 -8.222366144233772545e-04 9.999994635582609703e-01 1.017006993293762207e+00
9.999995827675078885e-01 -8.572811350832841787e-04 -3.130534527050550693e-04 -2.505183517932891846e-01 8.574500750966294882e-04 9.999995233076982570e-01 5.400202906483372086e-04 -1.817683689296245575e-02 3.125903313048183918e-04 -5.402884822539380516e-04 9.999998211860727793e-01 1.000011801719665527e+00
9.999996423721491112e-01 -7.502721840096492761e-04 -2.826474067269828965e-04 -2.666523754596710205e-01 7.503533405041167004e-04 9.999996424330451772e-01 2.871369772511845535e-04 -1.937098987400531769e-02 2.824318944476544857e-04 -2.873489694759853719e-04 9.999998807907140019e-01 1.061934590339660645e+00
9.999997615814208984e-01 -6.667954410169718311e-04 1.070693048056874590e-04 -2.813318371772766113e-01 6.668249843642115593e-04 9.999997019964640410e-01 -2.759592837772441537e-04 -2.111556380987167358e-02 -1.068852725438773632e-04 2.760306233540177345e-04 9.999999403953552246e-01 1.126566171646118164e+00
9.999983906752163421e-01 -1.361350125806904711e-03 1.141507806109729253e-03 -2.986162602901458740e-01 1.361293757007053795e-03 9.999990462501640032e-01 5.015026918888971109e-05 -2.332259342074394226e-02 -1.141575048677623272e-03 -4.859626366589958613e-05 9.999993443489074707e-01 1.195494294166564941e+00
9.999978542335092868e-01 -1.844716772488210485e-03 9.231367186253246855e-04 -3.160724937915802002e-01 1.844749132685404025e-03 9.999982715264179589e-01 -3.418806092142532627e-05 -2.469473332166671753e-02 -9.230721043422818184e-04 3.589094515969032395e-05 9.999995827674865723e-01 1.264691472053527832e+00
9.999989271163940430e-01 -1.482593424648502491e-03 2.281163640459668704e-04 -3.286316692829132080e-01 1.482649822719395161e-03 9.999988675953008777e-01 -2.469057365941466887e-04 -2.585640735924243927e-02 -2.277500461786985397e-04 2.472436754032969475e-04 9.999999403953552246e-01 1.315531730651855469e+00
9.999995827674865723e-01 -9.411628280678818953e-04 -8.477746887368067677e-05 -3.362629711627960205e-01 9.411946521140635014e-04 9.999995231927665262e-01 3.762139363113826723e-04 -2.596883662045001984e-02 8.442334365099668503e-05 -3.762935521081089973e-04 9.999999403953552246e-01 1.339161038398742676e+00
9.999998211860656738e-01 -1.922557988135004082e-04 -5.979707780057462755e-04 -3.375838100910186768e-01 1.926273345160718631e-04 9.999998212576336476e-01 6.213366591653349475e-04 -2.499990537762641907e-02 5.978511762805283070e-04 -6.214517105196139257e-04 9.999996423721633221e-01 1.337903857231140137e+00
9.999990463257368845e-01 3.358108235816042531e-04 -1.327829317340864729e-03 -3.339404463768005371e-01 -3.348527159924667707e-04 9.999997016560385754e-01 7.217072588473751006e-04 -2.362870238721370697e-02 1.328071230091154575e-03 -7.212619484289646554e-04 9.999988675119624304e-01 1.317480444908142090e+00
9.999992251396179199e-01 2.181002016241077521e-04 -1.261350542308741374e-03 -3.422940075397491455e-01 -2.167429841772629262e-04 9.999994036593931046e-01 1.076046590289803789e-03 -2.391465194523334503e-02 1.261584460735321045e-03 -1.075772317086103047e-03 9.999986290936320188e-01 1.339847445487976074e+00
9.999997615814208984e-01 -8.432190417774734401e-05 -6.755395391953555309e-04 -3.496158719062805176e-01 8.522350404670253621e-05 9.999991060071611315e-01 1.334720005369815230e-03 -2.424956858158111572e-02 6.754263886250555515e-04 -1.334777249299867741e-03 9.999988675119624304e-01 1.358669757843017578e+00
9.999998211860727793e-01 -4.315201967337035623e-04 -2.883806347528306197e-04 -3.547034263610839844e-01 4.318438329379940821e-04 9.999992252793452607e-01 1.123125187358701678e-03 -2.477410435676574707e-02 2.878957893699407578e-04 -1.123249580256661939e-03 9.999992847443017752e-01 1.372979760169982910e+00
9.999996423721597694e-01 -6.708984553050514324e-04 -5.257259224410294838e-04 -3.648060560226440430e-01 6.714467090133680038e-04 9.999992255076809444e-01 1.043355870378964365e-03 -2.545528300106525421e-02 5.250255344435572624e-04 -1.043708521318895133e-03 9.999993443489714195e-01 1.405812025070190430e+00
9.999993443490140521e-01 -7.857222608874320832e-04 -8.497875241122441244e-04 -3.716787397861480713e-01 7.867190967311699090e-04 9.999989875052609500e-01 1.173317139330151259e-03 -2.608542703092098236e-02 8.488647872582077980e-04 -1.173984887255022369e-03 9.999989271166498384e-01 1.424308657646179199e+00
9.999993443490140521e-01 -8.064307417647565129e-04 -8.517695546218122856e-04 -3.748321235179901123e-01 8.074477104842367470e-04 9.999989875421684271e-01 1.194274614242443961e-03 -2.624852769076824188e-02 8.508055470883846283e-04 -1.194961523762541611e-03 9.999989271166498384e-01 1.428690791130065918e+00
9.999992847442626953e-01 -1.188037472225565586e-03 -8.883107946595683569e-05 -3.802540600299835205e-01 1.188200432807207108e-03 9.999975564019901730e-01 1.857423974862969620e-03 -2.681681141257286072e-02 8.662417531013488770e-05 -1.857528230175375938e-03 9.999982714653015137e-01 1.436291575431823730e+00
9.999992251396179199e-01 -1.250434000610829233e-03 4.425865566208383908e-05 -3.866745233535766602e-01 1.250347238965332508e-03 9.999973772856906029e-01 1.909575109568603917e-03 -2.728452347218990326e-02 -4.664633888751268387e-05 -1.909518265165388584e-03 9.999981522560119629e-01 1.447321295738220215e+00
9.999993443489714195e-01 -1.042052229525046664e-03 -5.034027540929478239e-04 -3.818426430225372314e-01 1.042925162711705322e-03 9.999979743517904973e-01 1.736952621815109760e-03 -2.637569047510623932e-02 5.015917122364044189e-04 -1.737476468647816685e-03 9.999983906747687001e-01 1.421656012535095215e+00
9.999992251396605525e-01 -1.190136659515604947e-03 -3.736236604091448072e-04 -3.799978196620941162e-01 1.191017146943973426e-03 9.999964843727491282e-01 2.365266186483735121e-03 -2.620009332895278931e-02 3.708073636516928673e-04 -2.365709374281196875e-03 9.999971389772177588e-01 1.400340914726257324e+00
9.999985098842358866e-01 -1.562429459709140274e-03 7.386659241245906561e-04 -3.881306946277618408e-01 1.559041325102213105e-03 9.999883717998246935e-01 4.565356861919075623e-03 -2.646469138562679291e-02 -7.457903702743351460e-04 -4.564198236405969666e-03 9.999892711670490542e-01 1.394258141517639160e+00
9.999989867210388184e-01 -1.407946766479520242e-03 1.648217561921860440e-04 -3.968071341514587402e-01 1.407191855832934380e-03 9.999889124640266580e-01 4.493949659999474031e-03 -2.638853900134563446e-02 -1.711471704766154289e-04 -4.493713378906250000e-03 9.999899268150329590e-01 1.395903468132019043e+00
9.999986886982306089e-01 -1.241262320862347897e-03 1.034769924850542774e-03 -4.049324393272399902e-01 1.235801878550775446e-03 9.999853901044118976e-01 5.261007063323071449e-03 -2.654676325619220734e-02 -1.041285111568868160e-03 -5.259721512346327010e-03 9.999856352880271970e-01 1.389798760414123535e+00
9.999974966064293369e-01 -1.414203607873557207e-03 1.714801578178444530e-03 -4.125162363052368164e-01 1.404064012220346269e-03 9.999815679143493341e-01 5.899848241684771226e-03 -2.691879682242870331e-02 -1.723113702610135078e-03 -5.897426106132724888e-03 9.999811053535410110e-01 1.378713607788085938e+00
9.999989867212875083e-01 -1.085787022019726921e-03 8.889212910373493672e-04 -4.196676611900329590e-01 1.081490437958465556e-03 9.999877763949230891e-01 4.819770549542991972e-03 -2.687752805650234222e-02 -8.941437117755413055e-04 -4.818804414174260309e-03 9.999879598666048253e-01 1.377797365188598633e+00
9.999998807907140019e-01 -3.155324611475956282e-04 -3.398468347694022962e-04 -4.162545204162597656e-01 3.167355127902012069e-04 9.999936822884541998e-01 3.545793309587902831e-03 -2.631430141627788544e-02 3.387258620932698250e-04 -3.545900595432471825e-03 9.999936819080268435e-01 1.356547117233276367e+00
9.999997019767761230e-01 -8.249239223535306592e-05 -7.586863892744704664e-04 -4.231177270412445068e-01 8.443851068585042641e-05 9.999967219088434778e-01 2.565444198620374545e-03 -2.591180987656116486e-02 7.584722479805350304e-04 -2.565507478115486295e-03 9.999964237222904728e-01 1.375008344650268555e+00
9.999998211860727793e-01 -4.482134834419915031e-04 3.003384312853463406e-04 -4.226514101028442383e-01 4.473356554475765162e-04 9.999956484679171087e-01 2.916465059678883826e-03 -2.584683708846569061e-02 -3.016443224623799324e-04 -2.916330297808022998e-03 9.999957084658284145e-01 1.360297918319702148e+00
9.999995827675220994e-01 -7.457971717090561281e-04 5.047366948579041666e-04 -4.323923587799072266e-01 7.438360758023065955e-04 9.999921903309487714e-01 3.874504649204823549e-03 -2.652232535183429718e-02 -5.076223751530051231e-04 -3.874127756908152254e-03 9.999923706063640338e-01 1.369117856025695801e+00
9.999998211860656738e-01 -6.093149488744695717e-04 1.011361972203110885e-04 -4.448418915271759033e-01 6.089081289246678352e-04 9.999918935190728053e-01 3.975121251477335346e-03 -2.713181823492050171e-02 -1.035574823617935181e-04 -3.975058905780315399e-03 9.999920725822448730e-01 1.388174057006835938e+00
9.999998807907104492e-01 -4.622839127849824375e-04 -1.933831270089315718e-04 -4.396810233592987061e-01 4.628531460184603930e-04 9.999955299146997545e-01 2.953921158721757936e-03 -2.646669559180736542e-02 1.920167123898863792e-04 -2.954010386019945145e-03 9.999956488609313965e-01 1.362040996551513672e+00
9.999998807907140019e-01 -3.633694601475851793e-04 -4.041803209215868542e-04 -4.452808201313018799e-01 3.644749887041741354e-04 9.999961857054048275e-01 2.738509595907289308e-03 -2.606355957686901093e-02 4.031836870126426220e-04 -2.738656545734005632e-03 9.999961853029581960e-01 1.367506146430969238e+00
9.999999403953552246e-01 -3.733590543164799986e-04 -8.999793548796271466e-05 -4.374026358127593994e-01 3.735398058779537678e-04 9.999979139047887600e-01 2.016831260395980565e-03 -2.546187303960323334e-02 8.924474241212010384e-05 -2.016864717006683350e-03 9.999979734420776367e-01 1.341397762298583984e+00
9.999999403953552246e-01 -3.993525866506527060e-04 -8.396428971458967791e-05 -4.400217831134796143e-01 3.994807484559714794e-04 9.999987483535387467e-01 1.531842536176606859e-03 -2.542688138782978058e-02 8.335243910551071167e-05 -1.531875925138592720e-03 9.999988079071044922e-01 1.348537445068359375e+00
9.999997615814315566e-01 -5.641846995824806137e-04 -3.301465033122510549e-04 -4.440228044986724854e-01 5.645628216378179021e-04 9.999991657483741081e-01 1.146357659379309375e-03 -2.557933144271373749e-02 3.294994821771979332e-04 -1.146543819104499373e-03 9.999992847443017752e-01 1.360269427299499512e+00
9.999996423721313477e-01 -8.315187989966562210e-04 -7.828852640213507718e-05 -4.300420284271240234e-01 8.316207095049321651e-04 9.999988079915766992e-01 1.311060565256701432e-03 -2.493957988917827606e-02 7.719825953245162964e-05 -1.311125233769416809e-03 9.999991655349731445e-01 1.311613321304321289e+00
9.999995827674865723e-01 -9.243318306144897561e-04 -1.306326167303303611e-05 -4.243895709514617920e-01 9.243459790013730526e-04 9.999989271291853665e-01 1.126448566444064343e-03 -2.443968132138252258e-02 1.202203566208481789e-05 -1.126460148952901363e-03 9.999993443489074707e-01 1.288173913955688477e+00
9.999996423721313477e-01 -8.267411968937429323e-04 -1.651932525069018374e-04 -4.207781851291656494e-01 8.269660756923258305e-04 9.999986888834709875e-01 1.365735121432789688e-03 -2.403781190514564514e-02 1.640639384277164936e-04 -1.365871285088360310e-03 9.999990463256835938e-01 1.269178986549377441e+00
9.999995827675078885e-01 -8.362620089139452626e-04 -3.140710541122069253e-04 -4.241121113300323486e-01 8.366872872710325038e-04 9.999987486580204088e-01 1.356500635520872322e-03 -2.427272871136665344e-02 3.129362594336271286e-04 -1.356762869439247232e-03 9.999990463257368845e-01 1.273762583732604980e+00
9.999985694886817100e-01 -1.603642867235084701e-03 5.239020336363594578e-04 -4.298418462276458740e-01 1.602619462520521454e-03 9.999967797069598818e-01 1.948136286913535299e-03 -2.503996156156063080e-02 -5.270245019346475601e-04 -1.947293990055415369e-03 9.999979734423050104e-01 1.281898975372314453e+00
9.999984502793246577e-01 -1.723114938837292829e-03 -4.163897682087846445e-04 -4.412578046321868896e-01 1.723638516559385103e-03 9.999977359249883069e-01 1.260327290310061469e-03 -2.582463994622230530e-02 4.142171237617731094e-04 -1.261043054324798018e-03 9.999991655350193298e-01 1.314094543457031250e+00
9.999984502798042740e-01 -1.368969949428248739e-03 -1.116027809423497099e-03 -4.453824460506439209e-01 1.369342090208586216e-03 9.999989872316903394e-01 3.327185151022475531e-04 -2.545040287077426910e-02 1.115571241825819016e-03 -3.342462341136137605e-04 9.999993443489429978e-01 1.328557133674621582e+00
9.999981522562180203e-01 -1.843998691273125668e-03 -5.013216547934379970e-04 -4.408060908317565918e-01 1.843760850837997123e-03 9.999981518176963569e-01 -4.745269411927350396e-04 -2.553453482687473297e-02 5.021957913413643837e-04 4.736017744326644074e-04 9.999997615814351093e-01 1.322834491729736328e+00
9.999984502797083508e-01 -1.501127866037404003e-03 -9.425798134754704996e-04 -4.528456926345825195e-01 1.500220692624197605e-03 9.999983893140345081e-01 -9.624761977688120473e-04 -2.612028457224369049e-02 9.440231369808316231e-04 9.610606422132371429e-04 9.999991059305273211e-01 1.368482589721679688e+00
9.999993443490069467e-01 -9.141919211942423767e-04 -7.283290544416034596e-04 -4.456748366355895996e-01 9.130894474210643486e-04 9.999984492723050788e-01 -1.512621759161252976e-03 -2.608067169785499573e-02 7.297107367776334286e-04 1.511955738942361016e-03 9.999986290934401723e-01 1.359118103981018066e+00
9.999991059305273211e-01 -9.697013063280176441e-04 -9.003333974390793828e-04 -4.492213726043701172e-01 9.681672707767055575e-04 9.999980911658952198e-01 -1.702697989018067942e-03 -2.643096260726451874e-02 9.019827703014016151e-04 1.701824821142630673e-03 9.999981522566088188e-01 1.378823041915893555e+00
9.999992847443017752e-01 -1.135091503708492849e-03 -3.664348151259200583e-04 -4.490054845809936523e-01 1.134551761102567391e-03 9.999982708523342811e-01 -1.469823898193115463e-03 -2.682144567370414734e-02 3.681025700643658638e-04 1.469407143032119833e-03 9.999988675118132164e-01 1.388134002685546875e+00
9.999992847443017752e-01 -1.162980237709628981e-03 2.955646728673593827e-04 -4.359510242938995361e-01 1.163167111163307399e-03 9.999991657522943056e-01 -6.330252099475153780e-04 -2.603507600724697113e-02 -2.948282053694128990e-04 6.333685218956434937e-04 9.999997615814315566e-01 1.347373247146606445e+00
9.999992847443017752e-01 -1.164962512837183382e-03 2.678158820987859654e-04 -4.341109991073608398e-01 1.164916600515444878e-03 9.999993442955042999e-01 1.713579925049885338e-04 -2.540596015751361847e-02 -2.680153120309114456e-04 -1.710458789514965328e-04 9.999999403953552246e-01 1.334296464920043945e+00
9.999993443489074707e-01 -1.140617359761543709e-03 -2.368416430569013798e-04 -4.441884458065032959e-01 1.140810316428542137e-03 9.999989869409349197e-01 8.159237447931984430e-04 -2.522012777626514435e-02 2.359107602387666702e-04 -8.161934092640876770e-04 9.999996423721313477e-01 1.355298399925231934e+00
9.999993443489714195e-01 -1.039709644496054387e-03 -5.141485840294418574e-04 -4.525610506534576416e-01 1.040418973962176086e-03 9.999985106214892561e-01 1.381259232863233169e-03 -2.490108832716941833e-02 5.127117037773132324e-04 -1.381793243932019633e-03 9.999989271165077298e-01 1.368893146514892578e+00
9.999995827675292048e-01 -7.304335705133276112e-04 -6.182253317861326637e-04 -4.471720755100250244e-01 7.311791271097795031e-04 9.999990468707029567e-01 1.206598725604317215e-03 -2.473221160471439362e-02 6.173433503136038780e-04 -1.207050185879993132e-03 9.999991059304562668e-01 1.347699999809265137e+00
9.999986886982412670e-01 -1.113747654201878001e-03 1.188285305088326860e-03 -4.427677392959594727e-01 1.111872397438984361e-03 9.999981501710458742e-01 1.577617238622179216e-03 -2.503606490790843964e-02 -1.190040144138038158e-03 -1.576293878634865697e-03 9.999980330476176960e-01 1.328236937522888184e+00
9.999980330476887502e-01 -1.428688239177943733e-03 1.367058570872122349e-03 -4.429614245891571045e-01 1.426994371001022444e-03 9.999982094446608905e-01 1.239226900566196658e-03 -2.516176551580429077e-02 -1.368826604448258877e-03 -1.237273666104821146e-03 9.999982714660404781e-01 1.333060264587402344e+00
9.999991059304207397e-01 -1.267183674997190805e-03 4.389024155944499335e-04 -4.401921629905700684e-01 1.266839413758866217e-03 9.999989266802139509e-01 7.836709559843969873e-04 -2.443652227520942688e-02 -4.398949677124619484e-04 -7.831141932507709735e-04 9.999995827675220994e-01 1.328027248382568359e+00
9.999991059304562668e-01 -1.210829231962467535e-03 -6.093497465658374943e-04 -4.339593946933746338e-01 1.210847070922442537e-03 9.999992847661250961e-01 2.889466466860068764e-05 -2.359808608889579773e-02 6.093143019825220108e-04 -2.963246713445083502e-05 9.999998211860656738e-01 1.312630295753479004e+00
9.999987483028291990e-01 -1.255147557677621607e-03 -9.892107552633708570e-04 -4.274078309535980225e-01 1.255010238321918603e-03 9.999992249680315082e-01 -1.394294791482704812e-04 -2.302515134215354919e-02 9.893849492073059082e-04 1.381878314984930078e-04 9.999995231628417969e-01 1.294367194175720215e+00
9.999986290933833288e-01 -1.551411811633447669e-03 -5.498152283033505561e-04 -4.147928953170776367e-01 1.551470325437974418e-03 9.999988079983174183e-01 1.061084567310284938e-04 -2.247605100274085999e-02 5.496499361470341682e-04 -1.069613308305114585e-04 9.999998211860656738e-01 1.251467466354370117e+00
9.999989271164544391e-01 -1.425902217395721159e-03 -4.089691594736893747e-04 -4.174241721630096436e-01 1.426008212133747510e-03 9.999989272676039764e-01 2.588270785071630038e-04 -2.271323837339878082e-02 4.085996770299971104e-04 -2.594099923947448816e-04 9.999998807907140019e-01 1.254879832267761230e+00
