7.400000000000000000e+02 6.400000000000000000e+02
7.410000000000000000e+02 6.410000000000000000e+02
7.420000000000000000e+02 6.420000000000000000e+02
7.430000000000000000e+02 6.430000000000000000e+02
7.440000000000000000e+02 6.440000000000000000e+02
7.450000000000000000e+02 6.450000000000000000e+02
7.460000000000000000e+02 6.460000000000000000e+02
1.045000000000000000e+03 0.000000000000000000e+00
1.046000000000000000e+03 0.000000000000000000e+00
1.047000000000000000e+03 0.000000000000000000e+00
1.048000000000000000e+03 0.000000000000000000e+00
1.049000000000000000e+03 0.000000000000000000e+00
1.050000000000000000e+03 0.000000000000000000e+00
1.051000000000000000e+03 0.000000000000000000e+00
1.052000000000000000e+03 0.000000000000000000e+00
1.053000000000000000e+03 0.000000000000000000e+00
1.054000000000000000e+03 0.000000000000000000e+00
1.055000000000000000e+03 0.000000000000000000e+00
1.056000000000000000e+03 0.000000000000000000e+00
1.057000000000000000e+03 0.000000000000000000e+00
1.058000000000000000e+03 0.000000000000000000e+00
1.059000000000000000e+03 0.000000000000000000e+00
1.060000000000000000e+03 0.000000000000000000e+00
1.061000000000000000e+03 3.000000000000000000e+00
1.062000000000000000e+03 7.000000000000000000e+00
1.063000000000000000e+03 9.000000000000000000e+00
1.064000000000000000e+03 1.200000000000000000e+01
1.065000000000000000e+03 1.400000000000000000e+01
1.066000000000000000e+03 1.500000000000000000e+01
1.067000000000000000e+03 1.700000000000000000e+01
1.068000000000000000e+03 1.800000000000000000e+01
1.069000000000000000e+03 1.900000000000000000e+01
1.070000000000000000e+03 2.100000000000000000e+01
1.071000000000000000e+03 2.200000000000000000e+01
1.072000000000000000e+03 2.300000000000000000e+01
1.073000000000000000e+03 2.300000000000000000e+01
1.074000000000000000e+03 2.400000000000000000e+01
1.075000000000000000e+03 2.500000000000000000e+01
1.076000000000000000e+03 2.600000000000000000e+01
1.077000000000000000e+03 2.700000000000000000e+01
1.078000000000000000e+03 2.700000000000000000e+01
1.079000000000000000e+03 2.800000000000000000e+01
1.080000000000000000e+03 2.800000000000000000e+01
1.081000000000000000e+03 2.900000000000000000e+01
1.082000000000000000e+03 2.900000000000000000e+01
1.083000000000000000e+03 3.000000000000000000e+01
1.084000000000000000e+03 3.000000000000000000e+01
1.085000000000000000e+03 3.000000000000000000e+01
1.086000000000000000e+03 3.000000000000000000e+01
1.087000000000000000e+03 3.000000000000000000e+01
1.088000000000000000e+03 3.100000000000000000e+01
1.089000000000000000e+03 3.100000000000000000e+01
1.090000000000000000e+03 3.100000000000000000e+01
1.091000000000000000e+03 3.100000000000000000e+01
1.092000000000000000e+03 3.100000000000000000e+01
1.093000000000000000e+03 3.100000000000000000e+01
1.094000000000000000e+03 3.100000000000000000e+01
1.095000000000000000e+03 3.100000000000000000e+01
1.096000000000000000e+03 3.100000000000000000e+01
1.097000000000000000e+03 3.100000000000000000e+01
1.098000000000000000e+03 3.100000000000000000e+01
1.099000000000000000e+03 3.100000000000000000e+01
1.100000000000000000e+03 3.100000000000000000e+01
