1.408000000000000000e+03 8.000000000000000000e+02
1.409000000000000000e+03 8.000000000000000000e+02
1.410000000000000000e+03 7.990000000000000000e+02
1.411000000000000000e+03 7.990000000000000000e+02
1.412000000000000000e+03 7.990000000000000000e+02
1.413000000000000000e+03 7.980000000000000000e+02
1.414000000000000000e+03 7.970000000000000000e+02
1.415000000000000000e+03 7.970000000000000000e+02
1.416000000000000000e+03 7.960000000000000000e+02
1.417000000000000000e+03 7.950000000000000000e+02
1.418000000000000000e+03 7.950000000000000000e+02
1.419000000000000000e+03 7.940000000000000000e+02
1.420000000000000000e+03 7.930000000000000000e+02
1.421000000000000000e+03 7.920000000000000000e+02
1.422000000000000000e+03 7.910000000000000000e+02
1.423000000000000000e+03 7.890000000000000000e+02
1.424000000000000000e+03 7.880000000000000000e+02
1.425000000000000000e+03 7.870000000000000000e+02
1.426000000000000000e+03 7.860000000000000000e+02
1.427000000000000000e+03 7.840000000000000000e+02
1.428000000000000000e+03 7.830000000000000000e+02
1.429000000000000000e+03 7.810000000000000000e+02
1.430000000000000000e+03 7.800000000000000000e+02
1.431000000000000000e+03 7.790000000000000000e+02
1.432000000000000000e+03 7.770000000000000000e+02
1.433000000000000000e+03 7.760000000000000000e+02
1.434000000000000000e+03 7.750000000000000000e+02
1.435000000000000000e+03 7.730000000000000000e+02
1.436000000000000000e+03 7.720000000000000000e+02
1.437000000000000000e+03 7.710000000000000000e+02
1.438000000000000000e+03 7.700000000000000000e+02
1.439000000000000000e+03 7.690000000000000000e+02
1.440000000000000000e+03 7.680000000000000000e+02
1.441000000000000000e+03 7.670000000000000000e+02
1.442000000000000000e+03 7.660000000000000000e+02
1.443000000000000000e+03 7.650000000000000000e+02
1.444000000000000000e+03 7.640000000000000000e+02
1.445000000000000000e+03 7.620000000000000000e+02
1.446000000000000000e+03 7.610000000000000000e+02
1.447000000000000000e+03 7.600000000000000000e+02
1.448000000000000000e+03 7.590000000000000000e+02
1.449000000000000000e+03 7.580000000000000000e+02
1.450000000000000000e+03 7.570000000000000000e+02
1.451000000000000000e+03 7.560000000000000000e+02
1.452000000000000000e+03 7.550000000000000000e+02
1.453000000000000000e+03 7.540000000000000000e+02
1.454000000000000000e+03 7.530000000000000000e+02
1.455000000000000000e+03 7.520000000000000000e+02
1.456000000000000000e+03 7.510000000000000000e+02
1.457000000000000000e+03 7.500000000000000000e+02
1.458000000000000000e+03 7.490000000000000000e+02
1.459000000000000000e+03 7.480000000000000000e+02
1.460000000000000000e+03 7.470000000000000000e+02
1.461000000000000000e+03 7.460000000000000000e+02
1.462000000000000000e+03 7.450000000000000000e+02
1.463000000000000000e+03 7.440000000000000000e+02
1.464000000000000000e+03 7.430000000000000000e+02
1.465000000000000000e+03 7.420000000000000000e+02
1.466000000000000000e+03 7.410000000000000000e+02
1.467000000000000000e+03 7.400000000000000000e+02
1.468000000000000000e+03 7.390000000000000000e+02
1.469000000000000000e+03 7.380000000000000000e+02
1.470000000000000000e+03 7.370000000000000000e+02
1.471000000000000000e+03 7.360000000000000000e+02
1.472000000000000000e+03 7.350000000000000000e+02
1.473000000000000000e+03 7.340000000000000000e+02
1.474000000000000000e+03 7.330000000000000000e+02
1.475000000000000000e+03 7.320000000000000000e+02
1.476000000000000000e+03 7.310000000000000000e+02
1.477000000000000000e+03 7.300000000000000000e+02
1.478000000000000000e+03 7.300000000000000000e+02
1.479000000000000000e+03 7.290000000000000000e+02
1.480000000000000000e+03 7.280000000000000000e+02
1.481000000000000000e+03 7.270000000000000000e+02
1.482000000000000000e+03 7.270000000000000000e+02
1.483000000000000000e+03 7.260000000000000000e+02
1.484000000000000000e+03 7.250000000000000000e+02
1.485000000000000000e+03 7.250000000000000000e+02
1.486000000000000000e+03 7.240000000000000000e+02
1.487000000000000000e+03 7.230000000000000000e+02
1.488000000000000000e+03 7.230000000000000000e+02
1.489000000000000000e+03 7.220000000000000000e+02
1.490000000000000000e+03 7.210000000000000000e+02
1.491000000000000000e+03 7.210000000000000000e+02
1.492000000000000000e+03 7.200000000000000000e+02
1.493000000000000000e+03 7.200000000000000000e+02
1.494000000000000000e+03 7.190000000000000000e+02
1.495000000000000000e+03 7.180000000000000000e+02
1.496000000000000000e+03 7.180000000000000000e+02
1.497000000000000000e+03 7.170000000000000000e+02
1.498000000000000000e+03 7.170000000000000000e+02
1.499000000000000000e+03 7.160000000000000000e+02
1.500000000000000000e+03 7.150000000000000000e+02
1.501000000000000000e+03 7.140000000000000000e+02
1.502000000000000000e+03 7.140000000000000000e+02
1.503000000000000000e+03 7.140000000000000000e+02
1.504000000000000000e+03 7.130000000000000000e+02
1.505000000000000000e+03 7.120000000000000000e+02
1.506000000000000000e+03 7.120000000000000000e+02
1.507000000000000000e+03 7.110000000000000000e+02
1.615000000000000000e+03 2.520000000000000000e+02
1.616000000000000000e+03 2.510000000000000000e+02
1.617000000000000000e+03 2.510000000000000000e+02
1.618000000000000000e+03 2.510000000000000000e+02
1.619000000000000000e+03 2.500000000000000000e+02
1.620000000000000000e+03 2.500000000000000000e+02
1.621000000000000000e+03 2.500000000000000000e+02
1.622000000000000000e+03 2.490000000000000000e+02
1.623000000000000000e+03 2.490000000000000000e+02
1.624000000000000000e+03 2.480000000000000000e+02
1.625000000000000000e+03 2.480000000000000000e+02
1.626000000000000000e+03 2.470000000000000000e+02
1.627000000000000000e+03 2.470000000000000000e+02
1.628000000000000000e+03 2.460000000000000000e+02
1.629000000000000000e+03 2.450000000000000000e+02
1.630000000000000000e+03 2.450000000000000000e+02
1.631000000000000000e+03 2.440000000000000000e+02
1.632000000000000000e+03 2.430000000000000000e+02
1.633000000000000000e+03 2.430000000000000000e+02
1.634000000000000000e+03 2.420000000000000000e+02
1.635000000000000000e+03 2.410000000000000000e+02
1.636000000000000000e+03 2.410000000000000000e+02
1.637000000000000000e+03 2.400000000000000000e+02
1.638000000000000000e+03 2.390000000000000000e+02
1.639000000000000000e+03 2.390000000000000000e+02
1.640000000000000000e+03 2.380000000000000000e+02
1.641000000000000000e+03 2.370000000000000000e+02
1.642000000000000000e+03 2.370000000000000000e+02
1.643000000000000000e+03 2.360000000000000000e+02
1.644000000000000000e+03 2.360000000000000000e+02
1.645000000000000000e+03 2.350000000000000000e+02
1.646000000000000000e+03 2.340000000000000000e+02
1.647000000000000000e+03 2.340000000000000000e+02
1.648000000000000000e+03 2.330000000000000000e+02
1.649000000000000000e+03 2.320000000000000000e+02
1.650000000000000000e+03 2.320000000000000000e+02
1.651000000000000000e+03 2.310000000000000000e+02
1.652000000000000000e+03 2.310000000000000000e+02
1.653000000000000000e+03 2.300000000000000000e+02
1.654000000000000000e+03 2.290000000000000000e+02
1.655000000000000000e+03 2.290000000000000000e+02
1.656000000000000000e+03 2.280000000000000000e+02
1.657000000000000000e+03 2.280000000000000000e+02
1.658000000000000000e+03 2.270000000000000000e+02
1.659000000000000000e+03 2.260000000000000000e+02
1.660000000000000000e+03 2.260000000000000000e+02
1.661000000000000000e+03 2.250000000000000000e+02
1.662000000000000000e+03 2.240000000000000000e+02
1.663000000000000000e+03 2.240000000000000000e+02
1.664000000000000000e+03 2.230000000000000000e+02
1.665000000000000000e+03 2.220000000000000000e+02
1.666000000000000000e+03 2.220000000000000000e+02
1.667000000000000000e+03 2.210000000000000000e+02
1.668000000000000000e+03 2.200000000000000000e+02
1.669000000000000000e+03 2.200000000000000000e+02
1.670000000000000000e+03 2.190000000000000000e+02
1.671000000000000000e+03 2.180000000000000000e+02
1.672000000000000000e+03 2.170000000000000000e+02
1.673000000000000000e+03 2.170000000000000000e+02
1.674000000000000000e+03 2.160000000000000000e+02
1.675000000000000000e+03 2.150000000000000000e+02
1.676000000000000000e+03 2.140000000000000000e+02
1.677000000000000000e+03 2.140000000000000000e+02
1.678000000000000000e+03 2.130000000000000000e+02
1.679000000000000000e+03 2.120000000000000000e+02
1.680000000000000000e+03 2.110000000000000000e+02
1.681000000000000000e+03 2.100000000000000000e+02
1.682000000000000000e+03 2.100000000000000000e+02
1.683000000000000000e+03 2.090000000000000000e+02
1.684000000000000000e+03 2.080000000000000000e+02
1.685000000000000000e+03 2.070000000000000000e+02
1.686000000000000000e+03 2.060000000000000000e+02
1.687000000000000000e+03 2.050000000000000000e+02
1.688000000000000000e+03 2.050000000000000000e+02
1.689000000000000000e+03 2.040000000000000000e+02
1.690000000000000000e+03 2.030000000000000000e+02
1.691000000000000000e+03 2.020000000000000000e+02
1.692000000000000000e+03 2.010000000000000000e+02
1.693000000000000000e+03 2.000000000000000000e+02
1.694000000000000000e+03 1.990000000000000000e+02
1.695000000000000000e+03 1.990000000000000000e+02
1.696000000000000000e+03 1.980000000000000000e+02
1.697000000000000000e+03 1.970000000000000000e+02
1.698000000000000000e+03 1.960000000000000000e+02
1.699000000000000000e+03 1.950000000000000000e+02
1.700000000000000000e+03 1.940000000000000000e+02
1.701000000000000000e+03 1.930000000000000000e+02
1.702000000000000000e+03 1.920000000000000000e+02
1.703000000000000000e+03 1.920000000000000000e+02
1.704000000000000000e+03 1.910000000000000000e+02
1.705000000000000000e+03 1.900000000000000000e+02
1.706000000000000000e+03 1.890000000000000000e+02
1.707000000000000000e+03 1.880000000000000000e+02
1.708000000000000000e+03 1.870000000000000000e+02
1.709000000000000000e+03 1.860000000000000000e+02
1.710000000000000000e+03 1.850000000000000000e+02
1.711000000000000000e+03 1.840000000000000000e+02
1.712000000000000000e+03 1.830000000000000000e+02
1.713000000000000000e+03 1.820000000000000000e+02
1.714000000000000000e+03 1.810000000000000000e+02
1.715000000000000000e+03 1.810000000000000000e+02
1.716000000000000000e+03 1.800000000000000000e+02
1.717000000000000000e+03 1.790000000000000000e+02
1.718000000000000000e+03 1.780000000000000000e+02
1.719000000000000000e+03 1.770000000000000000e+02
1.720000000000000000e+03 1.760000000000000000e+02
1.721000000000000000e+03 1.750000000000000000e+02
1.722000000000000000e+03 1.740000000000000000e+02
1.723000000000000000e+03 1.720000000000000000e+02
1.724000000000000000e+03 1.710000000000000000e+02
1.725000000000000000e+03 1.700000000000000000e+02
1.726000000000000000e+03 1.690000000000000000e+02
1.727000000000000000e+03 1.680000000000000000e+02
1.728000000000000000e+03 1.670000000000000000e+02
1.729000000000000000e+03 1.660000000000000000e+02
1.730000000000000000e+03 1.650000000000000000e+02
1.731000000000000000e+03 1.640000000000000000e+02
1.732000000000000000e+03 1.630000000000000000e+02
1.733000000000000000e+03 1.620000000000000000e+02
1.734000000000000000e+03 1.610000000000000000e+02
1.735000000000000000e+03 1.590000000000000000e+02
1.736000000000000000e+03 1.580000000000000000e+02
1.737000000000000000e+03 1.570000000000000000e+02
1.738000000000000000e+03 1.560000000000000000e+02
1.739000000000000000e+03 1.550000000000000000e+02
1.740000000000000000e+03 1.540000000000000000e+02
1.741000000000000000e+03 1.530000000000000000e+02
1.742000000000000000e+03 1.520000000000000000e+02
1.743000000000000000e+03 1.510000000000000000e+02
1.744000000000000000e+03 1.500000000000000000e+02
1.745000000000000000e+03 1.490000000000000000e+02
1.746000000000000000e+03 1.480000000000000000e+02
1.747000000000000000e+03 1.470000000000000000e+02
1.748000000000000000e+03 1.460000000000000000e+02
1.749000000000000000e+03 1.450000000000000000e+02
1.750000000000000000e+03 1.430000000000000000e+02
1.751000000000000000e+03 1.420000000000000000e+02
1.752000000000000000e+03 1.410000000000000000e+02
1.753000000000000000e+03 1.400000000000000000e+02
1.754000000000000000e+03 1.390000000000000000e+02
1.755000000000000000e+03 1.380000000000000000e+02
1.756000000000000000e+03 1.370000000000000000e+02
1.757000000000000000e+03 1.360000000000000000e+02
1.758000000000000000e+03 1.350000000000000000e+02
1.759000000000000000e+03 1.340000000000000000e+02
1.760000000000000000e+03 1.330000000000000000e+02
1.761000000000000000e+03 1.320000000000000000e+02
1.762000000000000000e+03 1.310000000000000000e+02
1.763000000000000000e+03 1.300000000000000000e+02
1.764000000000000000e+03 1.290000000000000000e+02
1.765000000000000000e+03 1.280000000000000000e+02
1.766000000000000000e+03 1.270000000000000000e+02
1.767000000000000000e+03 1.260000000000000000e+02
1.768000000000000000e+03 1.250000000000000000e+02
1.769000000000000000e+03 1.240000000000000000e+02
1.770000000000000000e+03 1.230000000000000000e+02
1.771000000000000000e+03 1.220000000000000000e+02
1.772000000000000000e+03 1.210000000000000000e+02
1.773000000000000000e+03 1.200000000000000000e+02
1.774000000000000000e+03 1.190000000000000000e+02
1.775000000000000000e+03 1.180000000000000000e+02
1.776000000000000000e+03 1.170000000000000000e+02
1.777000000000000000e+03 1.160000000000000000e+02
1.778000000000000000e+03 1.150000000000000000e+02
1.779000000000000000e+03 1.140000000000000000e+02
1.780000000000000000e+03 1.130000000000000000e+02
1.781000000000000000e+03 1.120000000000000000e+02
1.810000000000000000e+03 8.800000000000000000e+01
1.811000000000000000e+03 8.800000000000000000e+01
1.812000000000000000e+03 8.700000000000000000e+01
1.813000000000000000e+03 8.700000000000000000e+01
1.814000000000000000e+03 8.600000000000000000e+01
1.815000000000000000e+03 8.600000000000000000e+01
1.816000000000000000e+03 8.500000000000000000e+01
1.817000000000000000e+03 8.500000000000000000e+01
1.818000000000000000e+03 8.400000000000000000e+01
1.819000000000000000e+03 8.400000000000000000e+01
1.820000000000000000e+03 8.400000000000000000e+01
1.821000000000000000e+03 8.300000000000000000e+01
1.822000000000000000e+03 8.300000000000000000e+01
1.823000000000000000e+03 8.200000000000000000e+01
1.824000000000000000e+03 8.200000000000000000e+01
1.825000000000000000e+03 8.200000000000000000e+01
1.826000000000000000e+03 8.100000000000000000e+01
1.827000000000000000e+03 8.100000000000000000e+01
1.828000000000000000e+03 8.100000000000000000e+01
1.829000000000000000e+03 8.000000000000000000e+01
1.830000000000000000e+03 8.000000000000000000e+01
1.831000000000000000e+03 8.000000000000000000e+01
1.832000000000000000e+03 7.900000000000000000e+01
1.833000000000000000e+03 7.900000000000000000e+01
1.834000000000000000e+03 7.900000000000000000e+01
1.835000000000000000e+03 7.800000000000000000e+01
1.836000000000000000e+03 7.800000000000000000e+01
1.837000000000000000e+03 7.800000000000000000e+01
1.838000000000000000e+03 7.700000000000000000e+01
1.839000000000000000e+03 7.700000000000000000e+01
1.840000000000000000e+03 7.600000000000000000e+01
1.841000000000000000e+03 7.600000000000000000e+01
1.842000000000000000e+03 7.600000000000000000e+01
1.843000000000000000e+03 7.500000000000000000e+01
1.844000000000000000e+03 7.500000000000000000e+01
1.845000000000000000e+03 7.500000000000000000e+01
1.846000000000000000e+03 7.500000000000000000e+01
1.847000000000000000e+03 7.500000000000000000e+01
3.861000000000000000e+03 2.515000000000000000e+03
3.862000000000000000e+03 2.515000000000000000e+03
3.863000000000000000e+03 2.515000000000000000e+03
3.864000000000000000e+03 2.517000000000000000e+03
3.865000000000000000e+03 2.519000000000000000e+03
3.866000000000000000e+03 2.521000000000000000e+03
3.867000000000000000e+03 2.522000000000000000e+03
3.868000000000000000e+03 2.524000000000000000e+03
3.869000000000000000e+03 2.525000000000000000e+03
3.870000000000000000e+03 2.526000000000000000e+03
