1.573000000000000000e+03 0.000000000000000000e+00
1.574000000000000000e+03 0.000000000000000000e+00
1.575000000000000000e+03 0.000000000000000000e+00
1.576000000000000000e+03 0.000000000000000000e+00
1.577000000000000000e+03 0.000000000000000000e+00
1.578000000000000000e+03 0.000000000000000000e+00
1.579000000000000000e+03 2.000000000000000000e+00
1.580000000000000000e+03 4.000000000000000000e+00
1.581000000000000000e+03 6.000000000000000000e+00
1.582000000000000000e+03 9.000000000000000000e+00
1.583000000000000000e+03 1.100000000000000000e+01
1.584000000000000000e+03 1.300000000000000000e+01
1.585000000000000000e+03 1.400000000000000000e+01
1.586000000000000000e+03 1.600000000000000000e+01
1.587000000000000000e+03 1.800000000000000000e+01
1.588000000000000000e+03 1.900000000000000000e+01
1.589000000000000000e+03 2.100000000000000000e+01
1.590000000000000000e+03 2.200000000000000000e+01
