1.156000000000000000e+03 1.146000000000000000e+03
1.157000000000000000e+03 1.147000000000000000e+03
1.158000000000000000e+03 1.148000000000000000e+03
1.159000000000000000e+03 1.149000000000000000e+03
1.160000000000000000e+03 1.150000000000000000e+03
1.161000000000000000e+03 1.151000000000000000e+03
1.162000000000000000e+03 1.152000000000000000e+03
1.163000000000000000e+03 1.153000000000000000e+03
1.164000000000000000e+03 1.154000000000000000e+03
1.165000000000000000e+03 1.155000000000000000e+03
1.166000000000000000e+03 1.156000000000000000e+03
1.167000000000000000e+03 1.157000000000000000e+03
1.168000000000000000e+03 1.158000000000000000e+03
1.169000000000000000e+03 1.159000000000000000e+03
1.170000000000000000e+03 1.160000000000000000e+03
1.171000000000000000e+03 1.161000000000000000e+03
1.172000000000000000e+03 1.162000000000000000e+03
1.173000000000000000e+03 1.163000000000000000e+03
1.174000000000000000e+03 1.164000000000000000e+03
1.175000000000000000e+03 1.165000000000000000e+03
1.176000000000000000e+03 1.166000000000000000e+03
1.177000000000000000e+03 1.167000000000000000e+03
