4.193000000000000000e+03 9.230000000000000000e+02
4.194000000000000000e+03 9.240000000000000000e+02
4.195000000000000000e+03 9.250000000000000000e+02
4.196000000000000000e+03 9.260000000000000000e+02
4.197000000000000000e+03 9.270000000000000000e+02
4.198000000000000000e+03 9.280000000000000000e+02
4.199000000000000000e+03 9.290000000000000000e+02
4.200000000000000000e+03 9.300000000000000000e+02
4.201000000000000000e+03 9.310000000000000000e+02
4.202000000000000000e+03 9.320000000000000000e+02
4.203000000000000000e+03 9.330000000000000000e+02
4.204000000000000000e+03 9.340000000000000000e+02
4.205000000000000000e+03 9.350000000000000000e+02
4.206000000000000000e+03 9.360000000000000000e+02
4.207000000000000000e+03 9.370000000000000000e+02
4.208000000000000000e+03 9.380000000000000000e+02
4.209000000000000000e+03 9.390000000000000000e+02
4.210000000000000000e+03 9.400000000000000000e+02
4.211000000000000000e+03 9.410000000000000000e+02
4.212000000000000000e+03 9.430000000000000000e+02
4.213000000000000000e+03 9.440000000000000000e+02
4.214000000000000000e+03 9.450000000000000000e+02
4.215000000000000000e+03 9.460000000000000000e+02
4.216000000000000000e+03 9.470000000000000000e+02
4.217000000000000000e+03 9.480000000000000000e+02
4.218000000000000000e+03 9.500000000000000000e+02
4.219000000000000000e+03 9.510000000000000000e+02
4.220000000000000000e+03 9.520000000000000000e+02
4.221000000000000000e+03 9.530000000000000000e+02
4.222000000000000000e+03 9.550000000000000000e+02
4.223000000000000000e+03 9.560000000000000000e+02
4.224000000000000000e+03 9.570000000000000000e+02
4.225000000000000000e+03 9.580000000000000000e+02
4.226000000000000000e+03 9.600000000000000000e+02
4.227000000000000000e+03 9.610000000000000000e+02
4.228000000000000000e+03 9.620000000000000000e+02
4.229000000000000000e+03 9.630000000000000000e+02
4.230000000000000000e+03 9.650000000000000000e+02
4.231000000000000000e+03 9.660000000000000000e+02
4.232000000000000000e+03 9.670000000000000000e+02
4.233000000000000000e+03 9.690000000000000000e+02
4.234000000000000000e+03 9.700000000000000000e+02
4.235000000000000000e+03 9.710000000000000000e+02
4.236000000000000000e+03 9.720000000000000000e+02
4.237000000000000000e+03 9.740000000000000000e+02
4.238000000000000000e+03 9.750000000000000000e+02
4.239000000000000000e+03 9.760000000000000000e+02
4.240000000000000000e+03 9.770000000000000000e+02
4.241000000000000000e+03 9.790000000000000000e+02
4.242000000000000000e+03 9.800000000000000000e+02
4.243000000000000000e+03 9.810000000000000000e+02
4.244000000000000000e+03 9.830000000000000000e+02
4.245000000000000000e+03 9.840000000000000000e+02
4.246000000000000000e+03 9.850000000000000000e+02
4.247000000000000000e+03 9.870000000000000000e+02
4.248000000000000000e+03 9.880000000000000000e+02
4.249000000000000000e+03 9.900000000000000000e+02
4.250000000000000000e+03 9.910000000000000000e+02
4.251000000000000000e+03 9.930000000000000000e+02
4.252000000000000000e+03 9.950000000000000000e+02
4.253000000000000000e+03 9.960000000000000000e+02
4.254000000000000000e+03 9.980000000000000000e+02
4.255000000000000000e+03 1.000000000000000000e+03
4.256000000000000000e+03 1.002000000000000000e+03
4.257000000000000000e+03 1.004000000000000000e+03
4.258000000000000000e+03 1.006000000000000000e+03
4.259000000000000000e+03 1.008000000000000000e+03
4.260000000000000000e+03 1.010000000000000000e+03
4.261000000000000000e+03 1.012000000000000000e+03
4.262000000000000000e+03 1.015000000000000000e+03
4.263000000000000000e+03 1.018000000000000000e+03
4.264000000000000000e+03 1.020000000000000000e+03
4.265000000000000000e+03 1.023000000000000000e+03
4.266000000000000000e+03 1.026000000000000000e+03
4.267000000000000000e+03 1.028000000000000000e+03
4.268000000000000000e+03 1.031000000000000000e+03
4.269000000000000000e+03 1.033000000000000000e+03
4.270000000000000000e+03 1.034000000000000000e+03
4.393000000000000000e+03 1.793000000000000000e+03
4.394000000000000000e+03 1.794000000000000000e+03
4.395000000000000000e+03 1.795000000000000000e+03
4.396000000000000000e+03 1.797000000000000000e+03
4.397000000000000000e+03 1.799000000000000000e+03
4.398000000000000000e+03 1.801000000000000000e+03
4.399000000000000000e+03 1.802000000000000000e+03
4.400000000000000000e+03 1.804000000000000000e+03
4.401000000000000000e+03 1.806000000000000000e+03
4.402000000000000000e+03 1.808000000000000000e+03
4.403000000000000000e+03 1.810000000000000000e+03
4.404000000000000000e+03 1.811000000000000000e+03
4.405000000000000000e+03 1.813000000000000000e+03
4.406000000000000000e+03 1.815000000000000000e+03
4.407000000000000000e+03 1.816000000000000000e+03
4.408000000000000000e+03 1.818000000000000000e+03
4.409000000000000000e+03 1.819000000000000000e+03
4.410000000000000000e+03 1.821000000000000000e+03
4.411000000000000000e+03 1.822000000000000000e+03
4.412000000000000000e+03 1.823000000000000000e+03
4.413000000000000000e+03 1.825000000000000000e+03
4.414000000000000000e+03 1.826000000000000000e+03
4.415000000000000000e+03 1.827000000000000000e+03
4.416000000000000000e+03 1.829000000000000000e+03
4.417000000000000000e+03 1.830000000000000000e+03
4.418000000000000000e+03 1.831000000000000000e+03
4.419000000000000000e+03 1.832000000000000000e+03
4.420000000000000000e+03 1.833000000000000000e+03
4.421000000000000000e+03 1.835000000000000000e+03
4.422000000000000000e+03 1.836000000000000000e+03
4.423000000000000000e+03 1.837000000000000000e+03
4.424000000000000000e+03 1.838000000000000000e+03
4.425000000000000000e+03 1.839000000000000000e+03
4.426000000000000000e+03 1.840000000000000000e+03
4.427000000000000000e+03 1.842000000000000000e+03
4.428000000000000000e+03 1.843000000000000000e+03
4.429000000000000000e+03 1.844000000000000000e+03
4.430000000000000000e+03 1.845000000000000000e+03
4.431000000000000000e+03 1.846000000000000000e+03
4.432000000000000000e+03 1.847000000000000000e+03
4.433000000000000000e+03 1.848000000000000000e+03
4.434000000000000000e+03 1.849000000000000000e+03
4.435000000000000000e+03 1.850000000000000000e+03
4.436000000000000000e+03 1.851000000000000000e+03
4.437000000000000000e+03 1.852000000000000000e+03
4.438000000000000000e+03 1.853000000000000000e+03
4.439000000000000000e+03 1.854000000000000000e+03
4.440000000000000000e+03 1.855000000000000000e+03
4.441000000000000000e+03 1.856000000000000000e+03
4.442000000000000000e+03 1.857000000000000000e+03
4.443000000000000000e+03 1.858000000000000000e+03
4.444000000000000000e+03 1.859000000000000000e+03
4.445000000000000000e+03 1.860000000000000000e+03
4.446000000000000000e+03 1.861000000000000000e+03
4.447000000000000000e+03 1.862000000000000000e+03
4.448000000000000000e+03 1.863000000000000000e+03
4.449000000000000000e+03 1.864000000000000000e+03
4.450000000000000000e+03 1.865000000000000000e+03
4.451000000000000000e+03 1.866000000000000000e+03
4.452000000000000000e+03 1.867000000000000000e+03
4.453000000000000000e+03 1.868000000000000000e+03
4.454000000000000000e+03 1.869000000000000000e+03
4.455000000000000000e+03 1.870000000000000000e+03
4.456000000000000000e+03 1.871000000000000000e+03
4.457000000000000000e+03 1.872000000000000000e+03
4.458000000000000000e+03 1.874000000000000000e+03
4.459000000000000000e+03 1.875000000000000000e+03
4.460000000000000000e+03 1.876000000000000000e+03
4.461000000000000000e+03 1.877000000000000000e+03
4.462000000000000000e+03 1.878000000000000000e+03
4.463000000000000000e+03 1.879000000000000000e+03
4.464000000000000000e+03 1.880000000000000000e+03
4.465000000000000000e+03 1.881000000000000000e+03
4.466000000000000000e+03 1.882000000000000000e+03
4.467000000000000000e+03 1.883000000000000000e+03
4.468000000000000000e+03 1.884000000000000000e+03
4.469000000000000000e+03 1.885000000000000000e+03
4.470000000000000000e+03 1.886000000000000000e+03
4.471000000000000000e+03 1.887000000000000000e+03
4.472000000000000000e+03 1.888000000000000000e+03
4.473000000000000000e+03 1.889000000000000000e+03
4.474000000000000000e+03 1.890000000000000000e+03
4.475000000000000000e+03 1.891000000000000000e+03
4.476000000000000000e+03 1.893000000000000000e+03
4.477000000000000000e+03 1.894000000000000000e+03
4.478000000000000000e+03 1.895000000000000000e+03
4.479000000000000000e+03 1.896000000000000000e+03
4.480000000000000000e+03 1.897000000000000000e+03
4.481000000000000000e+03 1.898000000000000000e+03
4.482000000000000000e+03 1.899000000000000000e+03
4.483000000000000000e+03 1.900000000000000000e+03
4.484000000000000000e+03 1.901000000000000000e+03
4.485000000000000000e+03 1.902000000000000000e+03
4.486000000000000000e+03 1.903000000000000000e+03
4.487000000000000000e+03 1.904000000000000000e+03
4.488000000000000000e+03 1.905000000000000000e+03
4.489000000000000000e+03 1.906000000000000000e+03
4.490000000000000000e+03 1.907000000000000000e+03
4.491000000000000000e+03 1.908000000000000000e+03
4.492000000000000000e+03 1.909000000000000000e+03
4.493000000000000000e+03 1.910000000000000000e+03
4.494000000000000000e+03 1.911000000000000000e+03
4.495000000000000000e+03 1.912000000000000000e+03
4.496000000000000000e+03 1.913000000000000000e+03
4.497000000000000000e+03 1.914000000000000000e+03
4.498000000000000000e+03 1.915000000000000000e+03
4.499000000000000000e+03 1.916000000000000000e+03
4.500000000000000000e+03 1.917000000000000000e+03
4.501000000000000000e+03 1.918000000000000000e+03
4.502000000000000000e+03 1.919000000000000000e+03
4.503000000000000000e+03 1.920000000000000000e+03
4.504000000000000000e+03 1.921000000000000000e+03
4.505000000000000000e+03 1.922000000000000000e+03
4.506000000000000000e+03 1.923000000000000000e+03
4.507000000000000000e+03 1.924000000000000000e+03
4.508000000000000000e+03 1.925000000000000000e+03
4.509000000000000000e+03 1.926000000000000000e+03
4.510000000000000000e+03 1.927000000000000000e+03
4.511000000000000000e+03 1.928000000000000000e+03
4.512000000000000000e+03 1.929000000000000000e+03
4.513000000000000000e+03 1.930000000000000000e+03
4.514000000000000000e+03 1.931000000000000000e+03
4.515000000000000000e+03 1.932000000000000000e+03
4.516000000000000000e+03 1.933000000000000000e+03
4.517000000000000000e+03 1.934000000000000000e+03
4.518000000000000000e+03 1.935000000000000000e+03
4.519000000000000000e+03 1.936000000000000000e+03
4.520000000000000000e+03 1.937000000000000000e+03
4.521000000000000000e+03 1.938000000000000000e+03
4.522000000000000000e+03 1.939000000000000000e+03
4.523000000000000000e+03 1.940000000000000000e+03
4.524000000000000000e+03 1.941000000000000000e+03
4.525000000000000000e+03 1.942000000000000000e+03
4.526000000000000000e+03 1.943000000000000000e+03
4.527000000000000000e+03 1.944000000000000000e+03
4.528000000000000000e+03 1.945000000000000000e+03
4.529000000000000000e+03 1.946000000000000000e+03
4.530000000000000000e+03 1.947000000000000000e+03
4.531000000000000000e+03 1.948000000000000000e+03
4.532000000000000000e+03 1.949000000000000000e+03
4.533000000000000000e+03 1.950000000000000000e+03
4.534000000000000000e+03 1.951000000000000000e+03
4.535000000000000000e+03 1.952000000000000000e+03
4.536000000000000000e+03 1.954000000000000000e+03
4.537000000000000000e+03 1.955000000000000000e+03
4.538000000000000000e+03 1.956000000000000000e+03
4.539000000000000000e+03 1.957000000000000000e+03
4.540000000000000000e+03 1.958000000000000000e+03
4.541000000000000000e+03 1.959000000000000000e+03
4.542000000000000000e+03 1.960000000000000000e+03
4.543000000000000000e+03 1.961000000000000000e+03
4.544000000000000000e+03 1.962000000000000000e+03
4.545000000000000000e+03 1.963000000000000000e+03
4.546000000000000000e+03 1.964000000000000000e+03
4.547000000000000000e+03 1.966000000000000000e+03
4.548000000000000000e+03 1.967000000000000000e+03
4.549000000000000000e+03 1.968000000000000000e+03
4.550000000000000000e+03 1.969000000000000000e+03
4.551000000000000000e+03 1.970000000000000000e+03
4.552000000000000000e+03 1.971000000000000000e+03
4.553000000000000000e+03 1.973000000000000000e+03
4.554000000000000000e+03 1.974000000000000000e+03
4.555000000000000000e+03 1.975000000000000000e+03
4.556000000000000000e+03 1.977000000000000000e+03
4.557000000000000000e+03 1.978000000000000000e+03
4.558000000000000000e+03 1.980000000000000000e+03
4.559000000000000000e+03 1.981000000000000000e+03
4.560000000000000000e+03 1.983000000000000000e+03
4.561000000000000000e+03 1.984000000000000000e+03
4.562000000000000000e+03 1.986000000000000000e+03
4.563000000000000000e+03 1.988000000000000000e+03
4.564000000000000000e+03 1.990000000000000000e+03
4.565000000000000000e+03 1.992000000000000000e+03
4.566000000000000000e+03 1.994000000000000000e+03
4.567000000000000000e+03 1.996000000000000000e+03
4.568000000000000000e+03 1.998000000000000000e+03
4.569000000000000000e+03 2.000000000000000000e+03
4.570000000000000000e+03 2.000000000000000000e+03
4.571000000000000000e+03 2.003000000000000000e+03
4.572000000000000000e+03 2.003000000000000000e+03
4.574000000000000000e+03 3.412000000000000000e+03
4.575000000000000000e+03 3.412000000000000000e+03
4.576000000000000000e+03 3.410000000000000000e+03
4.577000000000000000e+03 3.409000000000000000e+03
4.578000000000000000e+03 3.408000000000000000e+03
4.579000000000000000e+03 3.407000000000000000e+03
4.580000000000000000e+03 3.405000000000000000e+03
4.581000000000000000e+03 3.403000000000000000e+03
4.582000000000000000e+03 3.400000000000000000e+03
4.583000000000000000e+03 3.398000000000000000e+03
4.584000000000000000e+03 3.396000000000000000e+03
4.585000000000000000e+03 3.394000000000000000e+03
4.586000000000000000e+03 3.392000000000000000e+03
4.587000000000000000e+03 3.390000000000000000e+03
4.588000000000000000e+03 3.388000000000000000e+03
4.589000000000000000e+03 3.386000000000000000e+03
4.590000000000000000e+03 3.385000000000000000e+03
4.591000000000000000e+03 3.383000000000000000e+03
4.592000000000000000e+03 3.382000000000000000e+03
4.593000000000000000e+03 3.380000000000000000e+03
4.594000000000000000e+03 3.379000000000000000e+03
4.595000000000000000e+03 3.378000000000000000e+03
4.596000000000000000e+03 3.376000000000000000e+03
4.597000000000000000e+03 3.375000000000000000e+03
4.598000000000000000e+03 3.373000000000000000e+03
4.599000000000000000e+03 3.372000000000000000e+03
4.600000000000000000e+03 3.371000000000000000e+03
4.601000000000000000e+03 3.369000000000000000e+03
4.602000000000000000e+03 3.368000000000000000e+03
4.603000000000000000e+03 3.367000000000000000e+03
4.604000000000000000e+03 3.365000000000000000e+03
4.605000000000000000e+03 3.364000000000000000e+03
4.606000000000000000e+03 3.363000000000000000e+03
4.607000000000000000e+03 3.361000000000000000e+03
4.608000000000000000e+03 3.360000000000000000e+03
4.609000000000000000e+03 3.358000000000000000e+03
4.610000000000000000e+03 3.357000000000000000e+03
4.611000000000000000e+03 3.355000000000000000e+03
4.612000000000000000e+03 3.354000000000000000e+03
4.613000000000000000e+03 3.352000000000000000e+03
4.614000000000000000e+03 3.351000000000000000e+03
4.615000000000000000e+03 3.349000000000000000e+03
4.616000000000000000e+03 3.347000000000000000e+03
4.617000000000000000e+03 3.345000000000000000e+03
4.618000000000000000e+03 3.343000000000000000e+03
4.619000000000000000e+03 3.342000000000000000e+03
4.620000000000000000e+03 3.340000000000000000e+03
4.621000000000000000e+03 3.338000000000000000e+03
4.622000000000000000e+03 3.336000000000000000e+03
4.623000000000000000e+03 3.335000000000000000e+03
4.624000000000000000e+03 3.332000000000000000e+03
