1.292000000000000000e+03 5.350000000000000000e+02
1.293000000000000000e+03 5.350000000000000000e+02
1.294000000000000000e+03 5.350000000000000000e+02
1.295000000000000000e+03 5.350000000000000000e+02
1.296000000000000000e+03 5.360000000000000000e+02
1.297000000000000000e+03 5.360000000000000000e+02
1.298000000000000000e+03 5.370000000000000000e+02
1.299000000000000000e+03 5.370000000000000000e+02
1.300000000000000000e+03 5.380000000000000000e+02
1.301000000000000000e+03 5.380000000000000000e+02
1.302000000000000000e+03 5.390000000000000000e+02
1.303000000000000000e+03 5.400000000000000000e+02
1.304000000000000000e+03 5.410000000000000000e+02
1.305000000000000000e+03 5.420000000000000000e+02
1.306000000000000000e+03 5.430000000000000000e+02
1.307000000000000000e+03 5.450000000000000000e+02
1.308000000000000000e+03 5.460000000000000000e+02
1.309000000000000000e+03 5.480000000000000000e+02
1.310000000000000000e+03 5.490000000000000000e+02
1.311000000000000000e+03 5.500000000000000000e+02
1.312000000000000000e+03 5.520000000000000000e+02
1.313000000000000000e+03 5.530000000000000000e+02
1.314000000000000000e+03 5.540000000000000000e+02
1.315000000000000000e+03 5.550000000000000000e+02
1.316000000000000000e+03 5.570000000000000000e+02
1.317000000000000000e+03 5.580000000000000000e+02
1.318000000000000000e+03 5.590000000000000000e+02
1.319000000000000000e+03 5.600000000000000000e+02
1.320000000000000000e+03 5.610000000000000000e+02
1.321000000000000000e+03 5.620000000000000000e+02
1.322000000000000000e+03 5.630000000000000000e+02
1.323000000000000000e+03 5.650000000000000000e+02
1.324000000000000000e+03 5.660000000000000000e+02
1.325000000000000000e+03 5.670000000000000000e+02
1.326000000000000000e+03 5.680000000000000000e+02
1.327000000000000000e+03 5.690000000000000000e+02
1.328000000000000000e+03 5.700000000000000000e+02
1.329000000000000000e+03 5.710000000000000000e+02
1.330000000000000000e+03 5.720000000000000000e+02
1.331000000000000000e+03 5.730000000000000000e+02
1.332000000000000000e+03 5.740000000000000000e+02
1.333000000000000000e+03 5.750000000000000000e+02
1.334000000000000000e+03 5.760000000000000000e+02
1.335000000000000000e+03 5.770000000000000000e+02
1.336000000000000000e+03 5.780000000000000000e+02
1.337000000000000000e+03 5.790000000000000000e+02
1.338000000000000000e+03 5.800000000000000000e+02
1.339000000000000000e+03 5.810000000000000000e+02
1.340000000000000000e+03 5.820000000000000000e+02
1.341000000000000000e+03 5.830000000000000000e+02
1.342000000000000000e+03 5.840000000000000000e+02
1.343000000000000000e+03 5.850000000000000000e+02
1.344000000000000000e+03 5.860000000000000000e+02
1.345000000000000000e+03 5.870000000000000000e+02
1.346000000000000000e+03 5.880000000000000000e+02
1.347000000000000000e+03 5.890000000000000000e+02
1.348000000000000000e+03 5.900000000000000000e+02
1.349000000000000000e+03 5.910000000000000000e+02
1.350000000000000000e+03 5.920000000000000000e+02
1.351000000000000000e+03 5.930000000000000000e+02
1.352000000000000000e+03 5.940000000000000000e+02
1.353000000000000000e+03 5.950000000000000000e+02
1.354000000000000000e+03 5.970000000000000000e+02
1.355000000000000000e+03 5.980000000000000000e+02
1.356000000000000000e+03 5.990000000000000000e+02
1.357000000000000000e+03 6.000000000000000000e+02
1.358000000000000000e+03 6.010000000000000000e+02
1.359000000000000000e+03 6.020000000000000000e+02
1.360000000000000000e+03 6.030000000000000000e+02
1.361000000000000000e+03 6.040000000000000000e+02
1.362000000000000000e+03 6.050000000000000000e+02
1.363000000000000000e+03 6.060000000000000000e+02
1.364000000000000000e+03 6.070000000000000000e+02
1.365000000000000000e+03 6.080000000000000000e+02
1.366000000000000000e+03 6.090000000000000000e+02
1.367000000000000000e+03 6.100000000000000000e+02
1.368000000000000000e+03 6.110000000000000000e+02
1.369000000000000000e+03 6.120000000000000000e+02
1.370000000000000000e+03 6.130000000000000000e+02
1.371000000000000000e+03 6.140000000000000000e+02
1.372000000000000000e+03 6.150000000000000000e+02
1.373000000000000000e+03 6.170000000000000000e+02
1.374000000000000000e+03 6.180000000000000000e+02
1.375000000000000000e+03 6.190000000000000000e+02
1.376000000000000000e+03 6.200000000000000000e+02
1.377000000000000000e+03 6.210000000000000000e+02
1.378000000000000000e+03 6.220000000000000000e+02
1.379000000000000000e+03 6.230000000000000000e+02
1.380000000000000000e+03 6.240000000000000000e+02
1.381000000000000000e+03 6.250000000000000000e+02
1.382000000000000000e+03 6.260000000000000000e+02
1.383000000000000000e+03 6.270000000000000000e+02
1.384000000000000000e+03 6.280000000000000000e+02
1.385000000000000000e+03 6.290000000000000000e+02
1.386000000000000000e+03 6.300000000000000000e+02
1.387000000000000000e+03 6.310000000000000000e+02
1.388000000000000000e+03 6.320000000000000000e+02
1.389000000000000000e+03 6.330000000000000000e+02
1.390000000000000000e+03 6.340000000000000000e+02
1.391000000000000000e+03 6.350000000000000000e+02
1.392000000000000000e+03 6.370000000000000000e+02
1.393000000000000000e+03 6.380000000000000000e+02
1.394000000000000000e+03 6.390000000000000000e+02
1.395000000000000000e+03 6.400000000000000000e+02
1.396000000000000000e+03 6.410000000000000000e+02
1.397000000000000000e+03 6.420000000000000000e+02
1.398000000000000000e+03 6.430000000000000000e+02
1.399000000000000000e+03 6.440000000000000000e+02
1.400000000000000000e+03 6.450000000000000000e+02
1.401000000000000000e+03 6.460000000000000000e+02
1.402000000000000000e+03 6.470000000000000000e+02
1.403000000000000000e+03 6.480000000000000000e+02
1.404000000000000000e+03 6.490000000000000000e+02
1.405000000000000000e+03 6.510000000000000000e+02
1.406000000000000000e+03 6.520000000000000000e+02
1.407000000000000000e+03 6.530000000000000000e+02
1.408000000000000000e+03 6.540000000000000000e+02
1.409000000000000000e+03 6.550000000000000000e+02
1.410000000000000000e+03 6.560000000000000000e+02
1.411000000000000000e+03 6.570000000000000000e+02
1.412000000000000000e+03 6.580000000000000000e+02
1.413000000000000000e+03 6.590000000000000000e+02
1.414000000000000000e+03 6.600000000000000000e+02
1.415000000000000000e+03 6.620000000000000000e+02
1.416000000000000000e+03 6.630000000000000000e+02
1.417000000000000000e+03 6.640000000000000000e+02
1.418000000000000000e+03 6.650000000000000000e+02
1.419000000000000000e+03 6.660000000000000000e+02
1.420000000000000000e+03 6.670000000000000000e+02
1.421000000000000000e+03 6.680000000000000000e+02
1.422000000000000000e+03 6.690000000000000000e+02
1.423000000000000000e+03 6.700000000000000000e+02
1.424000000000000000e+03 6.710000000000000000e+02
1.425000000000000000e+03 6.730000000000000000e+02
1.426000000000000000e+03 6.740000000000000000e+02
1.427000000000000000e+03 6.750000000000000000e+02
1.428000000000000000e+03 6.760000000000000000e+02
1.429000000000000000e+03 6.770000000000000000e+02
1.430000000000000000e+03 6.780000000000000000e+02
1.431000000000000000e+03 6.790000000000000000e+02
1.432000000000000000e+03 6.800000000000000000e+02
1.433000000000000000e+03 6.810000000000000000e+02
1.434000000000000000e+03 6.830000000000000000e+02
1.435000000000000000e+03 6.840000000000000000e+02
1.436000000000000000e+03 6.850000000000000000e+02
1.437000000000000000e+03 6.860000000000000000e+02
1.438000000000000000e+03 6.870000000000000000e+02
1.439000000000000000e+03 6.880000000000000000e+02
1.440000000000000000e+03 6.890000000000000000e+02
1.441000000000000000e+03 6.900000000000000000e+02
1.442000000000000000e+03 6.910000000000000000e+02
1.443000000000000000e+03 6.930000000000000000e+02
1.444000000000000000e+03 6.940000000000000000e+02
1.445000000000000000e+03 6.950000000000000000e+02
1.446000000000000000e+03 6.960000000000000000e+02
1.447000000000000000e+03 6.970000000000000000e+02
1.448000000000000000e+03 6.980000000000000000e+02
1.449000000000000000e+03 6.990000000000000000e+02
1.450000000000000000e+03 7.010000000000000000e+02
1.451000000000000000e+03 7.020000000000000000e+02
1.452000000000000000e+03 7.030000000000000000e+02
1.453000000000000000e+03 7.040000000000000000e+02
1.454000000000000000e+03 7.050000000000000000e+02
1.455000000000000000e+03 7.060000000000000000e+02
1.456000000000000000e+03 7.080000000000000000e+02
1.457000000000000000e+03 7.090000000000000000e+02
1.458000000000000000e+03 7.100000000000000000e+02
1.459000000000000000e+03 7.110000000000000000e+02
1.460000000000000000e+03 7.120000000000000000e+02
1.461000000000000000e+03 7.130000000000000000e+02
1.462000000000000000e+03 7.150000000000000000e+02
1.463000000000000000e+03 7.160000000000000000e+02
1.464000000000000000e+03 7.170000000000000000e+02
1.465000000000000000e+03 7.180000000000000000e+02
1.466000000000000000e+03 7.190000000000000000e+02
1.467000000000000000e+03 7.200000000000000000e+02
1.468000000000000000e+03 7.210000000000000000e+02
1.469000000000000000e+03 7.230000000000000000e+02
1.470000000000000000e+03 7.240000000000000000e+02
1.471000000000000000e+03 7.250000000000000000e+02
1.472000000000000000e+03 7.260000000000000000e+02
1.473000000000000000e+03 7.270000000000000000e+02
1.474000000000000000e+03 7.280000000000000000e+02
1.475000000000000000e+03 7.300000000000000000e+02
1.476000000000000000e+03 7.310000000000000000e+02
1.477000000000000000e+03 7.320000000000000000e+02
1.478000000000000000e+03 7.330000000000000000e+02
1.479000000000000000e+03 7.340000000000000000e+02
1.480000000000000000e+03 7.350000000000000000e+02
1.481000000000000000e+03 7.360000000000000000e+02
1.482000000000000000e+03 7.380000000000000000e+02
1.483000000000000000e+03 7.390000000000000000e+02
1.484000000000000000e+03 7.400000000000000000e+02
1.485000000000000000e+03 7.410000000000000000e+02
1.486000000000000000e+03 7.420000000000000000e+02
1.487000000000000000e+03 7.430000000000000000e+02
1.488000000000000000e+03 7.440000000000000000e+02
1.489000000000000000e+03 7.450000000000000000e+02
1.490000000000000000e+03 7.460000000000000000e+02
1.491000000000000000e+03 7.470000000000000000e+02
1.492000000000000000e+03 7.480000000000000000e+02
1.493000000000000000e+03 7.500000000000000000e+02
1.494000000000000000e+03 7.510000000000000000e+02
1.495000000000000000e+03 7.520000000000000000e+02
1.496000000000000000e+03 7.530000000000000000e+02
1.497000000000000000e+03 7.540000000000000000e+02
1.498000000000000000e+03 7.550000000000000000e+02
1.499000000000000000e+03 7.560000000000000000e+02
1.500000000000000000e+03 7.570000000000000000e+02
1.501000000000000000e+03 7.580000000000000000e+02
1.502000000000000000e+03 7.590000000000000000e+02
1.503000000000000000e+03 7.600000000000000000e+02
1.504000000000000000e+03 7.610000000000000000e+02
1.505000000000000000e+03 7.620000000000000000e+02
1.506000000000000000e+03 7.630000000000000000e+02
1.507000000000000000e+03 7.640000000000000000e+02
1.508000000000000000e+03 7.650000000000000000e+02
1.509000000000000000e+03 7.660000000000000000e+02
1.510000000000000000e+03 7.670000000000000000e+02
1.511000000000000000e+03 7.680000000000000000e+02
1.512000000000000000e+03 7.690000000000000000e+02
1.513000000000000000e+03 7.700000000000000000e+02
1.514000000000000000e+03 7.720000000000000000e+02
1.515000000000000000e+03 7.730000000000000000e+02
1.516000000000000000e+03 7.740000000000000000e+02
1.517000000000000000e+03 7.750000000000000000e+02
1.518000000000000000e+03 7.760000000000000000e+02
1.519000000000000000e+03 7.770000000000000000e+02
1.520000000000000000e+03 7.780000000000000000e+02
1.521000000000000000e+03 7.790000000000000000e+02
1.522000000000000000e+03 7.800000000000000000e+02
1.523000000000000000e+03 7.810000000000000000e+02
1.524000000000000000e+03 7.820000000000000000e+02
1.525000000000000000e+03 7.830000000000000000e+02
1.526000000000000000e+03 7.840000000000000000e+02
1.527000000000000000e+03 7.850000000000000000e+02
1.528000000000000000e+03 7.850000000000000000e+02
1.529000000000000000e+03 7.860000000000000000e+02
1.530000000000000000e+03 7.870000000000000000e+02
1.531000000000000000e+03 7.880000000000000000e+02
1.532000000000000000e+03 7.880000000000000000e+02
1.533000000000000000e+03 7.890000000000000000e+02
1.534000000000000000e+03 7.900000000000000000e+02
1.535000000000000000e+03 7.900000000000000000e+02
1.536000000000000000e+03 7.910000000000000000e+02
1.537000000000000000e+03 7.910000000000000000e+02
1.538000000000000000e+03 7.920000000000000000e+02
1.539000000000000000e+03 7.920000000000000000e+02
1.540000000000000000e+03 7.930000000000000000e+02
1.541000000000000000e+03 7.940000000000000000e+02
1.542000000000000000e+03 7.940000000000000000e+02
1.543000000000000000e+03 7.950000000000000000e+02
1.544000000000000000e+03 7.950000000000000000e+02
1.545000000000000000e+03 7.960000000000000000e+02
1.546000000000000000e+03 7.960000000000000000e+02
1.547000000000000000e+03 7.970000000000000000e+02
1.548000000000000000e+03 7.970000000000000000e+02
1.549000000000000000e+03 7.980000000000000000e+02
1.550000000000000000e+03 7.980000000000000000e+02
1.551000000000000000e+03 7.990000000000000000e+02
1.552000000000000000e+03 8.000000000000000000e+02
1.553000000000000000e+03 8.000000000000000000e+02
1.554000000000000000e+03 8.010000000000000000e+02
1.555000000000000000e+03 8.020000000000000000e+02
1.556000000000000000e+03 8.020000000000000000e+02
1.557000000000000000e+03 8.030000000000000000e+02
1.558000000000000000e+03 8.040000000000000000e+02
1.559000000000000000e+03 8.040000000000000000e+02
1.560000000000000000e+03 8.050000000000000000e+02
1.561000000000000000e+03 8.050000000000000000e+02
1.562000000000000000e+03 8.060000000000000000e+02
1.563000000000000000e+03 8.070000000000000000e+02
1.564000000000000000e+03 8.070000000000000000e+02
2.412000000000000000e+03 1.700000000000000000e+01
2.413000000000000000e+03 1.700000000000000000e+01
2.414000000000000000e+03 1.800000000000000000e+01
2.415000000000000000e+03 1.800000000000000000e+01
2.416000000000000000e+03 1.900000000000000000e+01
2.417000000000000000e+03 1.900000000000000000e+01
2.418000000000000000e+03 2.000000000000000000e+01
2.419000000000000000e+03 2.000000000000000000e+01
2.420000000000000000e+03 2.100000000000000000e+01
2.421000000000000000e+03 2.100000000000000000e+01
2.422000000000000000e+03 2.200000000000000000e+01
2.423000000000000000e+03 2.300000000000000000e+01
2.424000000000000000e+03 2.300000000000000000e+01
2.425000000000000000e+03 2.400000000000000000e+01
2.426000000000000000e+03 2.500000000000000000e+01
2.427000000000000000e+03 2.500000000000000000e+01
2.428000000000000000e+03 2.600000000000000000e+01
2.429000000000000000e+03 2.700000000000000000e+01
2.430000000000000000e+03 2.800000000000000000e+01
2.431000000000000000e+03 2.900000000000000000e+01
2.432000000000000000e+03 3.000000000000000000e+01
2.433000000000000000e+03 3.100000000000000000e+01
2.434000000000000000e+03 3.100000000000000000e+01
2.435000000000000000e+03 3.200000000000000000e+01
2.436000000000000000e+03 3.300000000000000000e+01
2.437000000000000000e+03 3.400000000000000000e+01
2.438000000000000000e+03 3.500000000000000000e+01
2.439000000000000000e+03 3.600000000000000000e+01
2.440000000000000000e+03 3.700000000000000000e+01
2.441000000000000000e+03 3.800000000000000000e+01
2.442000000000000000e+03 3.900000000000000000e+01
2.443000000000000000e+03 4.000000000000000000e+01
2.444000000000000000e+03 4.100000000000000000e+01
2.445000000000000000e+03 4.200000000000000000e+01
2.446000000000000000e+03 4.300000000000000000e+01
2.447000000000000000e+03 4.400000000000000000e+01
2.448000000000000000e+03 4.500000000000000000e+01
2.449000000000000000e+03 4.600000000000000000e+01
2.450000000000000000e+03 4.700000000000000000e+01
2.451000000000000000e+03 4.900000000000000000e+01
2.452000000000000000e+03 5.000000000000000000e+01
2.453000000000000000e+03 5.100000000000000000e+01
2.454000000000000000e+03 5.200000000000000000e+01
2.455000000000000000e+03 5.300000000000000000e+01
2.456000000000000000e+03 5.400000000000000000e+01
2.457000000000000000e+03 5.500000000000000000e+01
2.458000000000000000e+03 5.600000000000000000e+01
2.459000000000000000e+03 5.700000000000000000e+01
2.460000000000000000e+03 5.800000000000000000e+01
2.461000000000000000e+03 5.900000000000000000e+01
2.462000000000000000e+03 6.000000000000000000e+01
2.463000000000000000e+03 6.100000000000000000e+01
2.464000000000000000e+03 6.200000000000000000e+01
2.465000000000000000e+03 6.300000000000000000e+01
2.466000000000000000e+03 6.400000000000000000e+01
2.467000000000000000e+03 6.500000000000000000e+01
2.468000000000000000e+03 6.600000000000000000e+01
2.469000000000000000e+03 6.800000000000000000e+01
2.470000000000000000e+03 6.900000000000000000e+01
2.471000000000000000e+03 7.000000000000000000e+01
2.472000000000000000e+03 7.100000000000000000e+01
2.473000000000000000e+03 7.200000000000000000e+01
2.474000000000000000e+03 7.300000000000000000e+01
2.475000000000000000e+03 7.400000000000000000e+01
2.476000000000000000e+03 7.500000000000000000e+01
2.477000000000000000e+03 7.600000000000000000e+01
2.478000000000000000e+03 7.700000000000000000e+01
2.479000000000000000e+03 7.800000000000000000e+01
2.480000000000000000e+03 7.900000000000000000e+01
2.481000000000000000e+03 8.000000000000000000e+01
2.482000000000000000e+03 8.100000000000000000e+01
2.483000000000000000e+03 8.200000000000000000e+01
2.484000000000000000e+03 8.300000000000000000e+01
2.485000000000000000e+03 8.400000000000000000e+01
2.486000000000000000e+03 8.500000000000000000e+01
2.487000000000000000e+03 8.600000000000000000e+01
2.488000000000000000e+03 8.700000000000000000e+01
2.489000000000000000e+03 8.800000000000000000e+01
2.490000000000000000e+03 8.900000000000000000e+01
2.491000000000000000e+03 9.000000000000000000e+01
2.492000000000000000e+03 9.100000000000000000e+01
2.493000000000000000e+03 9.200000000000000000e+01
2.494000000000000000e+03 9.300000000000000000e+01
2.495000000000000000e+03 9.400000000000000000e+01
2.496000000000000000e+03 9.500000000000000000e+01
2.497000000000000000e+03 9.600000000000000000e+01
2.498000000000000000e+03 9.700000000000000000e+01
2.499000000000000000e+03 9.800000000000000000e+01
2.500000000000000000e+03 1.000000000000000000e+02
2.501000000000000000e+03 1.010000000000000000e+02
2.502000000000000000e+03 1.020000000000000000e+02
2.503000000000000000e+03 1.040000000000000000e+02
2.504000000000000000e+03 1.050000000000000000e+02
2.505000000000000000e+03 1.070000000000000000e+02
2.506000000000000000e+03 1.080000000000000000e+02
2.507000000000000000e+03 1.100000000000000000e+02
2.508000000000000000e+03 1.120000000000000000e+02
2.509000000000000000e+03 1.140000000000000000e+02
2.510000000000000000e+03 1.170000000000000000e+02
2.511000000000000000e+03 1.190000000000000000e+02
2.512000000000000000e+03 1.220000000000000000e+02
2.513000000000000000e+03 1.240000000000000000e+02
2.514000000000000000e+03 1.270000000000000000e+02
2.515000000000000000e+03 1.290000000000000000e+02
2.516000000000000000e+03 1.310000000000000000e+02
2.517000000000000000e+03 1.330000000000000000e+02
2.518000000000000000e+03 1.340000000000000000e+02
2.519000000000000000e+03 1.360000000000000000e+02
2.520000000000000000e+03 1.360000000000000000e+02
2.571000000000000000e+03 1.557000000000000000e+03
2.572000000000000000e+03 1.557000000000000000e+03
2.573000000000000000e+03 1.557000000000000000e+03
2.574000000000000000e+03 1.557000000000000000e+03
2.575000000000000000e+03 1.557000000000000000e+03
2.576000000000000000e+03 1.557000000000000000e+03
2.577000000000000000e+03 8.060000000000000000e+02
2.578000000000000000e+03 8.080000000000000000e+02
2.579000000000000000e+03 8.100000000000000000e+02
2.580000000000000000e+03 8.120000000000000000e+02
2.581000000000000000e+03 8.150000000000000000e+02
2.582000000000000000e+03 8.170000000000000000e+02
2.583000000000000000e+03 8.190000000000000000e+02
2.584000000000000000e+03 8.210000000000000000e+02
2.585000000000000000e+03 8.230000000000000000e+02
2.586000000000000000e+03 8.240000000000000000e+02
2.587000000000000000e+03 8.260000000000000000e+02
2.588000000000000000e+03 8.280000000000000000e+02
2.589000000000000000e+03 8.290000000000000000e+02
2.590000000000000000e+03 8.310000000000000000e+02
2.591000000000000000e+03 8.320000000000000000e+02
2.592000000000000000e+03 8.340000000000000000e+02
2.593000000000000000e+03 8.350000000000000000e+02
2.594000000000000000e+03 8.360000000000000000e+02
2.595000000000000000e+03 8.380000000000000000e+02
2.596000000000000000e+03 8.390000000000000000e+02
2.597000000000000000e+03 8.410000000000000000e+02
2.598000000000000000e+03 8.420000000000000000e+02
2.599000000000000000e+03 8.430000000000000000e+02
2.600000000000000000e+03 8.450000000000000000e+02
2.601000000000000000e+03 8.460000000000000000e+02
2.602000000000000000e+03 8.470000000000000000e+02
2.603000000000000000e+03 8.490000000000000000e+02
2.604000000000000000e+03 8.500000000000000000e+02
2.605000000000000000e+03 8.510000000000000000e+02
2.606000000000000000e+03 8.530000000000000000e+02
2.607000000000000000e+03 8.540000000000000000e+02
2.608000000000000000e+03 8.550000000000000000e+02
2.609000000000000000e+03 8.560000000000000000e+02
2.610000000000000000e+03 8.580000000000000000e+02
2.611000000000000000e+03 8.590000000000000000e+02
2.612000000000000000e+03 8.600000000000000000e+02
2.613000000000000000e+03 8.610000000000000000e+02
2.614000000000000000e+03 8.630000000000000000e+02
2.615000000000000000e+03 8.640000000000000000e+02
2.616000000000000000e+03 8.650000000000000000e+02
2.617000000000000000e+03 8.670000000000000000e+02
2.618000000000000000e+03 8.680000000000000000e+02
2.619000000000000000e+03 8.700000000000000000e+02
2.620000000000000000e+03 8.720000000000000000e+02
2.621000000000000000e+03 8.730000000000000000e+02
2.622000000000000000e+03 8.750000000000000000e+02
2.623000000000000000e+03 8.770000000000000000e+02
2.624000000000000000e+03 8.800000000000000000e+02
2.625000000000000000e+03 8.820000000000000000e+02
2.626000000000000000e+03 8.840000000000000000e+02
2.627000000000000000e+03 8.860000000000000000e+02
2.628000000000000000e+03 8.890000000000000000e+02
2.629000000000000000e+03 8.910000000000000000e+02
2.630000000000000000e+03 8.930000000000000000e+02
2.631000000000000000e+03 8.950000000000000000e+02
2.632000000000000000e+03 8.960000000000000000e+02
2.633000000000000000e+03 8.980000000000000000e+02
2.634000000000000000e+03 8.990000000000000000e+02
2.635000000000000000e+03 9.000000000000000000e+02
2.636000000000000000e+03 9.020000000000000000e+02
